seqnames	start	end	width	strand	Conc	Conc_fs	Conc_control	Fold	p.value	FDR
chr11	120835695	120836095	401	*	4.03649595970726	5.25491185352785	2.46536561999667	2.60604418270503	6.15657175525082e-16	2.96085861731583e-12
chr4	23333934	23334334	401	*	4.18922606721498	5.3650290436215	2.75640957046774	2.54842551122258	9.17242446504283e-16	2.96085861731583e-12
chr7	28355714	28356114	401	*	4.727974008208	5.75306839395354	3.67643652654531	1.99892875181464	2.66422184159989e-13	6.45008107851334e-10
chr6	120816836	120817236	401	*	3.9973694273606	5.1363581090505	2.6713492472721	2.23418626091195	1.61567562782157e-12	3.12924055596482e-09
chr19	2664131	2664531	401	*	4.25113337106051	5.30444532396352	3.13820850881413	2.02443131862004	6.10944112712426e-12	7.39547848438391e-09
chr2	217729706	217730106	401	*	4.32925214618447	5.35298763986847	3.28057652268975	1.93377363047595	9.39735741126044e-12	9.10040091706461e-09
chr15	33160694	33161094	401	*	2.954438840197	4.27761511642771	0.948181683511422	2.98465502546057	1.29662448842174e-10	6.6086902873032e-08
chr2	210814310	210814710	401	*	3.44389724251815	4.61295567296101	2.03145633751426	2.37533703825452	3.05416890867295e-10	1.34438962325404e-07
chr21	24658789	24659189	401	*	3.03751945449388	4.30363593547933	1.28815929132936	2.67838654144314	7.08667117638645e-10	2.74509294688505e-07
chr1	41320161	41320561	401	*	4.36563289057882	5.34066187142769	3.41431453613285	1.79787333497799	7.4815290391029e-10	2.77738872946742e-07
chr17	4899259	4899659	401	*	3.88662235261035	4.96271110605234	2.72123237918038	2.025984053609	9.15703663475301e-10	2.99666416352634e-07
chr4	26230708	26231108	401	*	2.94812900499818	4.22853738910634	1.13949640846739	2.69133545711987	1.10449858488855e-09	3.34248884251897e-07
chr13	85137506	85137906	401	*	3.23306087636676	4.37585885825805	1.89647203290599	2.34202222300698	2.35074084543009e-09	6.32349287420695e-07
chr1	208527233	208527633	401	*	3.31074212542015	4.42204426465485	2.05850671299404	2.22766065863035	3.46982088059286e-09	8.84256458096348e-07
chr1	185528253	185528653	401	*	2.56621988060237	3.94710942020402	0.228739053048803	3.08855573309049	4.26992710918191e-09	1.04824220577809e-06
chr6	165232245	165232645	401	*	4.15108307820948	5.07919354678059	3.28493295117548	1.71207884617869	4.32979019321805e-09	1.04824220577809e-06
chr3	54324184	54324584	401	*	3.50313359885891	4.57036419381185	2.35847409766447	2.07589595024517	7.69417215060101e-09	1.69341734332773e-06
chrX	106450404	106450804	401	*	2.84389539726779	4.06644853014753	1.25837026511911	2.52357122095556	9.09080977236813e-09	1.87309365607687e-06
chr2	122516887	122517287	401	*	3.06230567343985	4.23053789013952	1.65233464355353	2.32804202535645	9.28622137058645e-09	1.87349516151582e-06
chr9	8188776	8189176	401	*	4.03461531672262	5.00795461570475	3.08650268813873	1.71373881992567	1.95732296980972e-08	3.64513762300719e-06
chr10	2949885	2950285	401	*	3.58686256048631	4.6126961143486	2.53376485182357	1.97449405974674	2.99771541143622e-08	5.24049667312496e-06
chr7	30001967	30002367	401	*	3.72702126370904	4.70640626308327	2.76738805248359	1.8137555022643	3.41213578732998e-08	5.51702100749988e-06
chr13	34719152	34719552	401	*	4.22431015028423	5.13733385200645	3.38395501060447	1.63144090436097	4.01782249290441e-08	6.17596714623592e-06
chr20	63130293	63130693	401	*	4.23483005442025	5.13707136214029	3.41247072768352	1.5904041328748	5.29708271745732e-08	7.70806781694755e-06
chr4	152269597	152269997	401	*	2.86608549543254	4.06737866136981	1.35263118365749	2.41739652849457	5.73074692142598e-08	7.92807902672702e-06
chr2	35185946	35186346	401	*	2.53120921377105	3.87886786379362	0.395186852531463	2.8676008982802	6.07266592627793e-08	8.22469441302333e-06
chr1	87937770	87938170	401	*	2.74799448513224	3.94642396081535	1.24390017506389	2.33104794056277	6.70393567708334e-08	8.77309636444258e-06
chr18	3791213	3791613	401	*	2.77392827183007	3.97764415929149	1.25249292271891	2.4160852865979	8.51510253873012e-08	1.03075316231328e-05
chr17	66920827	66921227	401	*	4.59851049502372	5.37662766966506	3.96040083298058	1.31850048184741	1.1014195211468e-07	1.28507790876935e-05
chr4	98433704	98434104	401	*	3.58796496914071	4.61222043743553	2.53819525580533	1.88801403425044	1.15109877457114e-07	1.32705244439844e-05
chr6	61842006	61842406	401	*	2.51742540285193	3.81324637327015	0.641312249648461	2.6213147814063	1.18933042943709e-07	1.35499716219632e-05
chr3	29705867	29706267	401	*	2.86078836991293	4.00798774042954	1.51185572943099	2.27566100636104	1.64825347043203e-07	1.79344793344537e-05
chr1	22320469	22320869	401	*	2.76983740109273	3.94644124493405	1.33457583115407	2.30591345991	1.7922771901021e-07	1.92849025654986e-05
chr2	33214988	33215388	401	*	2.30033017338945	3.59320785665763	0.437406277078873	2.74231655631238	1.93208607803911e-07	2.05269675806288e-05
chr2	43811002	43811402	401	*	2.60176565899804	3.84660462269054	0.935370308794359	2.45251381182439	2.42973854932551e-07	2.37672607188568e-05
chr18	66432705	66433105	401	*	2.59035490148587	3.81253218152702	1.00614514274621	2.42114511997573	2.48831832656148e-07	2.40968746744213e-05
chr5	153352582	153352982	401	*	3.52956353317294	4.4872093866291	2.61071471860766	1.74112847730148	2.93398268502981e-07	2.75851342930375e-05
chr5	4995279	4995679	401	*	2.27476204673642	3.55240920552684	0.477818782292238	2.68687148308318	3.96739638901772e-07	3.52479510378418e-05
chr5	59744512	59744912	401	*	3.6106067792742	4.55285960448384	2.71959759164074	1.64120222552229	4.15892889109375e-07	3.59306007043687e-05
chr20	59679535	59679935	401	*	2.45132451022319	3.7066392946428	0.744830851303886	2.49703479484657	4.341553491185e-07	3.68803543935399e-05
chr4	169049000	169049400	401	*	4.03839359051748	4.91408458771953	3.25886382254281	1.44991742761587	4.80419828459956e-07	3.94269967695442e-05
chr4	2297782	2298182	401	*	3.52477060330982	4.52997996320261	2.51429511093413	1.71796224884734	4.97487986187637e-07	4.04846525902612e-05
chr2	207338259	207338659	401	*	3.35689589976103	4.35290288042563	2.3648489355555	1.84709266477862	5.13330871517196e-07	4.1083439336963e-05
chr9	107275026	107275426	401	*	2.3713109139555	3.63333184352869	0.638392120249327	2.52542319383589	6.66436519324194e-07	5.20465423639959e-05
chr15	54567394	54567794	401	*	2.35284321963999	3.59106087442301	0.711084033803336	2.48765388146629	7.08051861228362e-07	5.3990348221539e-05
chr4	171774674	171775074	401	*	4.17665728809598	5.02348482606744	3.4414439715509	1.44703269841943	7.32290095939491e-07	5.52570544341854e-05
chr21	24780914	24781314	401	*	2.77452981124353	3.9132343954743	1.44929363499703	2.17105351565794	8.27183845690658e-07	5.93366545308766e-05
chr7	130352392	130352792	401	*	5.03224793458861	5.6983815085403	4.5311986871515	1.06216359760438	8.38188807382431e-07	5.96839736080254e-05
chr11	21537863	21538263	401	*	2.41676910502633	3.63073116953616	0.860930851847717	2.33785381610607	8.45038428208456e-07	5.97324973632897e-05
chr18	29773277	29773677	401	*	2.38883844329432	3.67012845986853	0.576448773613749	2.53852503504232	1.07745760489172e-06	7.56094162737058e-05
chr8	94366582	94366982	401	*	2.65689692288082	3.84699046340308	1.17960482225892	2.30948796290565	1.0992709297896e-06	7.6585177583327e-05
chr1	184219396	184219796	401	*	2.53077508341865	3.70700322675156	1.09666122387427	2.213788905986	1.15522158286022e-06	7.93416014781445e-05
chrX	88883250	88883650	401	*	2.56800324876713	3.74368850618736	1.1355456884027	2.24510414019571	1.18510831793804e-06	8.02558667895945e-05
chr7	94424335	94424735	401	*	2.44682514147821	3.63194611913477	0.985215083256153	2.3150986148298	1.23161086135891e-06	8.17936506679201e-05
chr6	11785450	11785850	401	*	2.97422395929508	4.03751423304605	1.83865072764095	1.99070228443723	1.25805426729773e-06	8.28775341803484e-05
chr6	82144181	82144581	401	*	5.97988860373733	6.63203970567561	5.49437992624023	1.03548524681101	1.34319800309402e-06	8.72988554494127e-05
chr1	208224165	208224565	401	*	3.27343557232463	4.25446864823604	2.31063735608822	1.71211347806789	1.45102617734307e-06	9.16012881550203e-05
chr2	146203116	146203516	401	*	2.46320768282566	3.66821879688323	0.937481826721877	2.26404976788344	1.47257318442818e-06	9.16012881550203e-05
chr9	110640797	110641197	401	*	2.81330846854924	3.88172089197347	1.66590764467849	1.98257698169662	1.55930950542374e-06	9.49707751605253e-05
chr20	38659237	38659637	401	*	3.36118021187742	4.32973474137052	2.42208677210811	1.68216080236786	1.77138140816211e-06	0.000104660242750409
chrX	437731	438131	401	*	2.60342614741265	3.81578110919455	1.05305480063492	2.2838601734107	1.92667287304359e-06	0.000110401775754758
chr12	33324007	33324407	401	*	2.7181831367912	3.84954059211972	1.413022957157	2.03720891585892	2.05184662633555e-06	0.000116882839584903
chr6	92635664	92636064	401	*	2.65319465969109	3.77907910515708	1.36274478297725	2.15739075012931	2.12502691496047e-06	0.000120343629499867
chr1	80365529	80365929	401	*	2.4124470362096	3.63117927791334	0.840222527711098	2.3112839600813	2.26334829595793e-06	0.000123136319652003
chr12	117019933	117020333	401	*	2.08411016120452	3.37529830101742	0.228691182650486	2.51282009350655	2.35736597326372e-06	0.000127534816117798
chr12	82996439	82996839	401	*	2.96357604576914	4.00670633522703	1.87324317615896	1.85137255622006	2.69270156399814e-06	0.000138702776307223
chr12	26298820	26299220	401	*	2.3469222271527	3.51137374204435	0.948181683511422	2.19482642977197	2.8543690611817e-06	0.000143370684352985
chr2	142885537	142885937	401	*	2.48710243285875	3.66894525634467	1.03570912569186	2.16141044166558	2.88695615952418e-06	0.000143370684352985
chr12	42893107	42893507	401	*	2.88260610574526	3.91358514183269	1.81857800837318	1.81757076387337	3.21811262654468e-06	0.000155821013377293
chr7	20013813	20014213	401	*	2.62656980328717	3.81330323931009	1.15989907350107	2.18491460680357	3.46478833233576e-06	0.000163855106339769
chr6	129008066	129008466	401	*	2.77487611052795	3.84987020787497	1.61207105144542	1.9364995876244	3.6122271211574e-06	0.000166542409224283
chr14	29216368	29216768	401	*	4.14818975917732	4.93025385142069	3.50479632509032	1.33168086828359	3.88318517006771e-06	0.000172498922875852
chr1	224743570	224743970	401	*	3.93741527812616	4.74526577940533	3.25864927598219	1.31770342538756	4.05494186407793e-06	0.000179306196400597
chr8	90455287	90455687	401	*	2.25590224392215	3.46865951018258	0.704164885178712	2.32848874800973	4.20045349184088e-06	0.000183230592860302
chr5	103307359	103307759	401	*	2.77681024438386	3.81512496573293	1.69698601823217	1.89371272867256	4.53331958379809e-06	0.00019339500814758
chr7	84666624	84667024	401	*	3.87637090610562	4.70740786490176	3.16447716240569	1.36910318376421	4.68443963859567e-06	0.000198965409912985
chr8	61931662	61932062	401	*	2.69565810931734	3.77946402720965	1.51185572943099	1.99268459613982	4.70766959453048e-06	0.000199078918573944
chr2	4628958	4629358	401	*	3.00733912918323	4.03624255722598	1.94773484668613	1.75958518557733	5.35274877734744e-06	0.000222472185235333
chr10	25816397	25816797	401	*	4.01220589822029	4.8145616447997	3.34110386332046	1.2746990370826	5.77841304045307e-06	0.000237110813066727
chr10	91883887	91884287	401	*	4.1719461210627	4.94542110529327	3.54000797622396	1.20479935997395	5.96434996663191e-06	0.000241465915213509
chr14	104169474	104169874	401	*	3.40923731130834	4.30470603040949	2.59800009301717	1.4847911285021	6.00921990566457e-06	0.000241465915213509
chr9	22773875	22774275	401	*	2.56989406024031	3.67095856517375	1.34367245740614	2.03205789082033	6.04430248977461e-06	0.000241872005417262
chr17	10073116	10073516	401	*	2.60857635215195	3.63122228811404	1.56218932741828	1.9783086050995	6.83197493389862e-06	0.000268740881001157
chrX	1778760	1779160	401	*	2.333019600045	3.54893755115926	0.770491632251006	2.1952887532486	7.71023657747215e-06	0.000296161604737718
chr5	111668700	111669100	401	*	3.67586644518103	4.55374863524284	2.89287910012706	1.42719688644816	7.88732494149197e-06	0.000297201769390694
chr11	58689055	58689455	401	*	2.32513318940976	3.50947188910737	0.865969886083321	2.23645032104138	8.14481664632726e-06	0.000305714745748191
chr4	22630250	22630650	401	*	2.30589222407385	3.46639110982579	0.918769087448276	2.26856108875799	8.57391802043081e-06	0.000316907717976534
chr21	14888199	14888599	401	*	2.90436228915977	3.91493427923444	1.88298301856083	1.6895478218974	8.91397221269452e-06	0.000323306767444696
chr1	170145833	170146233	401	*	3.10738466032737	4.06251734048785	2.19313843760932	1.6863386556152	9.21899503838092e-06	0.000330144330756447
chr2	52866956	52867356	401	*	2.23982724428898	3.42032993019426	0.792583248938232	2.2461455379149	9.36893203079744e-06	0.000332012382666714
chr1	238113072	238113472	401	*	2.18935990264563	3.37631655844844	0.721986753871465	2.22142357604967	9.40085304582225e-06	0.000332012382666714
chr13	73188094	73188494	401	*	1.79713498810904	3.12331546043849	0	2.63572921568987	1.01480871071319e-05	0.0003516911260972
chr5	125301731	125302131	401	*	2.44284921863023	3.59108298608882	1.09099469222776	2.10087874371352	1.05801582225879e-05	0.000360768493758948
chr6	80467005	80467405	401	*	2.00791110628432	3.32715719462451	0.0212468561758024	2.49836593769106	1.14817224329003e-05	0.000384737024360576
chr11	106191779	106192179	401	*	1.60031632652212	3.00619787352927	0	2.8575957465495	1.16426863681154e-05	0.000387615974466799
chr12	30110900	30111300	401	*	3.9435953670577	4.7441807629045	3.27494774939828	1.27100863319387	1.19752981535495e-05	0.000395181063215535
chr12	4939331	4939731	401	*	4.17031810074531	4.91290125447432	3.57830275034771	1.17122538214772	1.21114783535779e-05	0.000395181063215535
chr8	59630860	59631260	401	*	4.08447766855137	4.86460501371077	3.44368119871043	1.22374791705784	1.21835973469516e-05	0.000395181063215535
chr11	4697761	4698161	401	*	1.93838562971868	3.2321693821913	0.0714172103726465	2.34027531416289	1.24970772268348e-05	0.000399103245624751
chr2	143355932	143356332	401	*	3.52045590391644	4.44487858873214	2.66067882459186	1.50174916979062	1.29248364655212e-05	0.000407700704664845
chr17	5191735	5192135	401	*	5.11100495678869	5.78917880721043	4.59631526621261	1.06274621985904	1.30246993530917e-05	0.000409516845893962
chr3	39268027	39268427	401	*	2.56407192296941	3.6316057482445	1.4187097713806	1.84655725827945	1.31860945815405e-05	0.000411916580411735
chr1	81023330	81023730	401	*	1.58585273159057	3.00547356490472	0	2.83538008895102	1.35816503533558e-05	0.000420206715724913
chr16	25751232	25751632	401	*	2.77203018641622	3.77875232476074	1.75849120965642	1.75221568910123	1.42246952136483e-05	0.000437307772853873
chr4	97517927	97518327	401	*	2.16766881516485	3.32820999081789	0.780422043294136	2.15512433109399	1.49891900140142e-05	0.000453610362799103
chr4	98604227	98604627	401	*	3.14348557926862	4.12169125275382	2.18611070648915	1.62073728040577	1.51152930509257e-05	0.000455609101308775
chr8	127995561	127995961	401	*	2.32070174116697	3.42178527613405	1.09443238512628	1.96052638988086	1.70590588715637e-05	0.00049446803818958
chrX	460930	461330	401	*	2.96312211356181	3.94563441722099	1.99747413854497	1.71233696910566	1.75067492129579e-05	0.000500104304950692
chr3	61948706	61949106	401	*	3.13507691201523	4.06466608954313	2.26635882641018	1.54441391161139	1.83099158494298e-05	0.00051694817809294
chr15	36756574	36756974	401	*	3.47412377623933	4.37621391181466	2.65201421816755	1.48602211923437	1.90525425517326e-05	0.000536351226950519
chr3	182403956	182404356	401	*	2.29951354613686	3.46483529958182	0.898198315259314	2.13409553282631	1.97862445120737e-05	0.000550603424870465
chr8	63286721	63287121	401	*	2.6036397903041	3.67270092790153	1.45473106056742	1.90284219226506	1.98570627470353e-05	0.000550990818459283
chr6	145067442	145067842	401	*	3.28371527376517	4.15108485441036	2.51719399994364	1.4728917445042	2.33555760913557e-05	0.00062136098590299
chr19	36097117	36097517	401	*	2.53946042719461	3.62989910999281	1.33956264692174	1.93380576483854	2.48100257440257e-05	0.00064760185796535
chr11	16897371	16897771	401	*	3.64949350354328	4.53041435702349	2.86168882763926	1.34750391643843	2.50614174546479e-05	0.000650875487469606
chr18	72972959	72973359	401	*	2.74496584298388	3.81651260777221	1.59025844681342	1.78485078260687	2.53010143363183e-05	0.000655120381906168
chr17	33334700	33335100	401	*	2.8109345525527	3.81249425081561	1.80781008832241	1.66586568652984	2.5951023898259e-05	0.000666707906917872
chr10	17423418	17423818	401	*	2.08368634388353	3.28233367244942	0.57888276056425	2.18662310358429	2.6678896619902e-05	0.000674565104091726
chr3	16658110	16658510	401	*	3.05623145485558	3.94604653187806	2.2541740716746	1.43776036735755	2.79461653494484e-05	0.00069930404455829
chr21	14630628	14631028	401	*	2.00575894142485	3.32813039614079	0.00354009621838849	2.42067885531438	2.88044725146519e-05	0.000711964875744052
chr9	26820977	26821377	401	*	2.65915921222543	3.67133160909902	1.6345019119731	1.7072703241624	2.93564904933625e-05	0.000721524452983713
chr7	81721529	81721929	401	*	1.8504542874297	3.121433555931	0.0812643575435415	2.40219092794234	3.01443434910884e-05	0.000733461865245477
chr5	55110162	55110562	401	*	1.78411328100747	3.12392183920553	0	2.42565041048432	3.0855633538472e-05	0.000748881199222451
chr4	181158862	181159262	401	*	2.99780194710107	3.91458386076328	2.15108920668568	1.48811187972919	3.12519649896872e-05	0.000752845843184405
chr10	11373688	11374088	401	*	2.88650285641693	3.88376219942003	1.8919686005868	1.65558408074768	3.14366465818267e-05	0.000755415596770248
chr2	186664507	186664907	401	*	2.57820537851688	3.59274779567927	1.54867325131395	1.75572524959292	3.30722132807473e-05	0.000781208208544136
chr10	78357549	78357949	401	*	3.13986046116744	4.03715990068854	2.32563037403553	1.42859770913552	3.31065771525836e-05	0.000781208208544136
chr5	134436437	134436837	401	*	4.61986534211691	5.25384606732959	4.15408537782321	0.953216071413828	3.35380898004727e-05	0.000788307916572277
chr4	31127139	31127539	401	*	2.93623142068942	3.8802498451367	2.04207108377356	1.58658655875001	3.37529298578852e-05	0.000789366902440284
chr13	29884977	29885377	401	*	3.33962997557004	4.20445561702811	2.577047385178	1.35550237086092	3.38276811764475e-05	0.000789366902440284
chr7	11429084	11429484	401	*	2.50260971014307	3.59147726334118	1.30654748383324	1.77789934198419	3.52818783680884e-05	0.000815440835600401
chr22	44592787	44593187	401	*	3.05534712741112	3.97656968548513	2.2010645204034	1.42773209729061	3.84922303130225e-05	0.000872971331033513
chr4	19541064	19541464	401	*	2.80720382398652	3.81437382226541	1.79275603197721	1.6029556283875	4.07793964162808e-05	0.000909925518191851
chr11	32073109	32073509	401	*	3.71801601184632	4.50973900071777	3.06154810956983	1.25199961908832	4.22468913284934e-05	0.000934061405536826
chr15	37221120	37221520	401	*	3.12437961899546	4.00798774042954	2.33229274919397	1.42630514743214	4.55018873733662e-05	0.000990379115743879
chr2	206452647	206453047	401	*	3.03235127011055	3.91388276837647	2.24357533937799	1.52456304092534	4.8135713372283e-05	0.00103358369910685
chr4	180407250	180407650	401	*	3.49851737013847	4.32848633280163	2.78817820745088	1.23755360664768	4.97477559789688e-05	0.00106348182980206
chr7	120404019	120404419	401	*	2.35604549536496	3.46722661887324	1.10412142832752	1.8528310474575	5.16883604881736e-05	0.00108579193702272
chr9	113622947	113623347	401	*	3.00222653891198	3.9745369937844	2.05606055356858	1.53067538939162	5.21837630562605e-05	0.00108911112378626
chr18	65955795	65956195	401	*	2.35948210997151	3.46586465403038	1.11982898516111	1.79509452550603	5.25390916093057e-05	0.00109416895299896
chr6	98380567	98380967	401	*	2.38318894390361	3.51079332139161	1.08813839187083	1.89500714491095	5.39224134155173e-05	0.0011158126238745
chr6	137728998	137729398	401	*	2.8760880084153	3.84844030364511	1.92984293653736	1.52214456276212	5.52982626496092e-05	0.00112976450527176
chr7	154204790	154205190	401	*	2.12562984640313	3.27915308629231	0.758707644593327	1.95167728669675	5.73073372405593e-05	0.00115377183750016
chr4	38343563	38343963	401	*	2.26980007468236	3.37588452691752	1.03090445972739	1.7888613833759	6.04138536805153e-05	0.00119397501845329
chr10	548405	548805	401	*	3.14647284353864	4.06556554223859	2.29582882494742	1.42923001317516	6.20187748734167e-05	0.00121700009845972
chr3	84209550	84209950	401	*	2.09815840287286	3.22881928443255	0.794881931383887	1.98439464524891	6.53438255843112e-05	0.00126557921391694
chr18	71902413	71902813	401	*	1.68605168888744	2.94635482226978	0	2.13796072385516	6.78210998897786e-05	0.00130572471437896
chr5	162382909	162383309	401	*	2.55205782875246	3.54936627505434	1.55742591839525	1.62934817879516	6.8335326038135e-05	0.00131200878808876
chr5	1229846	1230246	401	*	3.93730544260858	4.65105931372191	3.38084208194533	1.03814127649767	7.01845504598432e-05	0.00133792753278174
chr11	131811368	131811768	401	*	2.82775737385978	3.74291912524184	1.98379085808694	1.45365493342407	7.11615142453644e-05	0.00134957201073854
chr3	22431316	22431716	401	*	1.8538245745962	3.06649624272953	0.302378001803312	2.08129692773872	7.20720958666562e-05	0.00136032804039432
chr11	99366505	99366905	401	*	2.85467133984566	3.78013658769291	1.99309705649996	1.48408133151974	7.43297020120527e-05	0.00138959234417899
chr3	21390964	21391364	401	*	2.96665429017649	3.91358514183269	2.06727244288967	1.46614449567852	7.55783478640112e-05	0.00141021333471115
chr13	37293251	37293651	401	*	1.7547884854458	3.00422313493909	0.0709750611646536	2.1460106311161	8.04770377144697e-05	0.00146919185060228
chr3	157753380	157753780	401	*	3.22502301949601	4.03751423304605	2.53972944615543	1.27738010310016	8.08484152546207e-05	0.00147079727583176
chr13	92951478	92951878	401	*	2.4650242572107	3.46440484216359	1.46626229004563	1.66749495149005	8.28997045836016e-05	0.00150040129619243
chr14	62170246	62170646	401	*	2.58790891250635	3.55285960448384	1.65555202681634	1.6021407051987	8.5331943875748e-05	0.00153597498976346
chr4	88277617	88278017	401	*	2.47606290520476	3.46536213106578	1.49722924747866	1.55307184988845	8.6080200448697e-05	0.00154515896188396
chr4	150142088	150142488	401	*	2.77535894540071	3.77865524948137	1.76874365641074	1.54549213077077	8.61612804024512e-05	0.00154515896188396
chr14	57089966	57090366	401	*	3.3123081653201	4.12205602920821	2.6308794595502	1.25622786696759	8.85166142325653e-05	0.00157786412645755
chr21	30391638	30392038	401	*	2.36241109349577	3.42079862099062	1.23802991858253	1.6565772264491	8.89242668006714e-05	0.0015786158932977
chr1	37073831	37074231	401	*	2.37240443497432	3.42471638544868	1.26172131330135	1.70999649678903	8.90049853098455e-05	0.0015786158932977
chr2	170313688	170314088	401	*	3.41347904735472	4.25363770656962	2.68819154993417	1.29734403832237	9.29939065778048e-05	0.00164035153242161
chr7	2934960	2935360	401	*	2.90017923582947	3.84904449026348	1.99731298895831	1.50920456189823	9.38100149382737e-05	0.00165173851756771
chr2	216406900	216407300	401	*	2.47056808774918	3.46956587259447	1.47257043180946	1.55688391849007	9.49733343725237e-05	0.00166616262692667
chr9	81823806	81824206	401	*	4.42472713273324	5.092585991942	3.92173816286977	0.954966455621236	9.55291923795409e-05	0.00167288372333359
chr5	150458992	150459392	401	*	4.95547049875848	5.51046404853873	4.56979205636371	0.839024480832624	9.64346298968157e-05	0.00168265397463201
chr4	8263965	8264365	401	*	2.91188388774308	3.81504923953248	2.08799633248461	1.40541565837299	9.73112432971267e-05	0.0016898808699445
chr4	96585274	96585674	401	*	1.83318768280843	3.0060652055677	0.409256190952331	2.10290903600038	9.77213225081495e-05	0.0016898808699445
chr11	16290529	16290929	401	*	2.31341546940186	3.42178527613405	1.06869811304974	1.83815436900822	9.9874912727437e-05	0.00171791945799733
chr14	76112794	76113194	401	*	3.68325604232482	4.42179770839037	3.09632102738692	1.08090505271979	0.000100672732371665	0.00172857223455179
chr10	55330377	55330777	401	*	2.0622120841778	3.22941132154425	0.65532111305284	1.8846365428643	0.000105983056832328	0.00180059635502502
chr11	127036094	127036494	401	*	2.56205678620387	3.55162161328065	1.58270338948541	1.59634175852777	0.000110500766206166	0.00185779413184117
chr9	78972310	78972710	401	*	2.63517080449878	3.59106087442301	1.7195398968646	1.51731367175148	0.000111096789391803	0.00186326235254003
chr4	132502123	132502523	401	*	1.52676698525161	2.81469263382176	0	2.23187636187394	0.000114517357206699	0.00189894877943437
chr19	11422062	11422462	401	*	3.81427385384901	4.63251023992533	3.12082868524176	1.24253819453726	0.000114920907280578	0.00189896875415464
chr7	130273191	130273591	401	*	5.1413952133508	5.69854400641358	4.75364532802439	0.830961950255505	0.00011510684207856	0.00189896875415464
chr2	85246263	85246663	401	*	3.9750286714583	4.67055403547351	3.44024666294664	1.03883489089389	0.000116598480733621	0.00191704530971881
chr1	192851935	192852335	401	*	2.32309230334949	3.33078565898151	1.30758140989695	1.67640899606289	0.00011816680489171	0.00193953786198529
chr11	16999074	16999474	401	*	3.3741833246879	4.17701685919226	2.70241765069115	1.19976009454265	0.000122467124818108	0.00199658524703461
chr21	41055449	41055849	401	*	2.45709654094428	3.55501881055568	1.23872975320264	1.73659466879688	0.000123073460725277	0.00200129518460108
chr17	70105118	70105518	401	*	2.27696243944093	3.32928853054517	1.16624765331051	1.63030948959028	0.000127413255063018	0.00205988307517574
chr5	4662895	4663295	401	*	3.30074385656926	4.14983443234376	2.56213620247214	1.33382699308178	0.000130507342668519	0.0020993905421959
chr10	101322613	101323013	401	*	4.28097741636421	4.9609896302982	3.76418354764544	1.00078813231632	0.000130804545512503	0.00210068195479781
chr8	101949785	101950185	401	*	2.99875959673191	3.91386508975579	2.1548882914127	1.33990262660095	0.000132945277862452	0.00211792767860196
chr1	104156769	104157169	401	*	4.26334133096842	4.91515361459963	3.77820530208019	0.99421478246548	0.000140297710879525	0.00218783096965752
chr11	28547380	28547780	401	*	2.86995724927734	3.7791567430908	2.03602585651319	1.33669863814916	0.000143943122771843	0.00223388653993995
chr15	94707254	94707654	401	*	1.52683065424622	2.81465475987026	0	2.09961365342665	0.000146491697634836	0.00226617507970567
chr3	96449418	96449818	401	*	2.91340459565839	3.78056000844698	2.14721559265716	1.38157188981851	0.000147071581381672	0.00226642928986185
chr6	41677434	41677834	401	*	4.12162322385373	4.78060848286225	3.62855857123646	1.03423862141951	0.000147293413727006	0.00226642928986185
chr2	194346159	194346559	401	*	2.11796131525335	3.28339231152667	0.716322443911948	1.87566176918663	0.000150325458379273	0.0023033698421453
chr12	82866321	82866721	401	*	2.76352657794122	3.70742826338076	1.86957492253292	1.40372796145823	0.000154050455026622	0.00232431458206523
chr4	18397722	18398122	401	*	2.73552005407977	3.66936070923951	1.85937842469166	1.37775876288797	0.000154130986388901	0.00232431458206523
chr7	141389328	141389728	401	*	2.49476709303835	3.46684507532175	1.54904040607151	1.47334813241236	0.000155463064507024	0.00233411521966825
chr17	6257206	6257606	401	*	3.22692203441022	4.06431836423864	2.50571267619671	1.29400155008787	0.000170044377035347	0.00251723172775288
chr7	112596219	112596619	401	*	1.84994569226512	3.06576976674176	0.287739727899996	1.99629607389386	0.000171258838721771	0.00252815639356955
chr8	27049248	27049648	401	*	3.23585285844125	4.0945201812847	2.48273218915799	1.27610277725597	0.000171925081234698	0.0025302773353751
chr7	96592242	96592642	401	*	1.90293903757585	3.06715876796553	0.504883215712422	1.82045087085575	0.000174686773087565	0.00255153350012064
chr4	80307137	80307537	401	*	2.51666356364992	3.50733710946505	1.53513752228221	1.49061383110068	0.000176089343387547	0.00256428451333084
chr18	109294	109694	401	*	6.75364784418474	7.25909395775551	6.41397205708778	0.747136628380599	0.000177046030695547	0.00257434498687039
chr7	36522412	36522812	401	*	2.35371809067485	3.37336248458726	1.31360815920606	1.56499542184049	0.000178445161460589	0.00258692057422806
chrX	22690116	22690516	401	*	3.12330881804116	4.0076095141775	2.33011496272349	1.26012551478504	0.000201766677592544	0.00281137914504489
chr1	37391651	37392432	782	*	4.03027641551422	4.70705423671298	3.51718077575912	0.98216305404212	0.000203570395807746	0.00282385883699728
chr2	31008523	31008923	401	*	4.0472635120724	4.726231146291	3.53166596739297	0.992665649988456	0.000203771611083212	0.00282385883699728
chr3	110019526	110019926	401	*	2.59235920672841	3.59329616976839	1.59048345312886	1.57568650736091	0.00020830522799671	0.00287671985255198
chr13	66037102	66037502	401	*	1.93692183937557	3.006789217293	0.786135895345021	1.74176557948599	0.00020857202880499	0.00287671985255198
chr4	100827108	100827508	401	*	3.59701307026199	4.35351131046458	2.98725689813596	1.07483585571598	0.000217276375228747	0.00294280338141985
chr3	98971178	98971578	401	*	1.90616424207777	3.0041234988199	0.687705343110181	1.82876789373589	0.000219821876201293	0.00297312157700184
chr1	156887822	156888222	401	*	2.19259673294956	3.22834073858893	1.11833696310882	1.59003616745964	0.000220660933603264	0.00298030750490099
chr7	104772587	104772987	401	*	2.83381577080062	3.7436288288371	1.99885680730653	1.33234625600774	0.000223157877838007	0.0030014734569212
chr3	100066178	100066578	401	*	2.45277163547873	3.42079862099062	1.51466733999498	1.51281567224578	0.000224063103651898	0.00300551569161517
chr6	80638674	80639074	401	*	3.61565506011256	4.35342006398611	3.02969267394205	1.06924889535839	0.000224079133554952	0.00300551569161517
chr11	34161701	34162101	401	*	2.43217916126445	3.42217892286325	1.45197405604231	1.46987595040344	0.000226899247992956	0.00303537468500688
chr1	176609874	176610274	401	*	1.84752701603436	2.94577276005945	0.628354381654306	1.71147922685574	0.000230221499510861	0.00306666437587783
chr18	60452403	60452803	401	*	2.44905271476424	3.42227835078206	1.50115534162264	1.46690942766029	0.000234305687811933	0.00310824148050789
chr2	15059844	15060244	401	*	3.91716127276725	4.65166901796678	3.33526520651821	1.05059128462693	0.000237919027338586	0.0031518575386414
chr4	161656609	161657009	401	*	2.61453389889654	3.55146253196483	1.73296245453904	1.39461017064839	0.00024256491984984	0.00319157429867643
chr13	48255926	48256326	401	*	2.96847272036029	3.81405494024144	2.23512159518435	1.24706841046755	0.000251604330325482	0.00328817319146014
chr8	67503899	67504299	401	*	1.8423014360262	2.94577276005945	0.610022658908106	1.77667134919043	0.000255186735183563	0.00332585472082004
chr17	77365684	77366084	401	*	3.36041312380726	4.17923468604451	2.6661332524745	1.20057221811686	0.000257932215025789	0.00333932562875633
chr14	79645995	79646395	401	*	1.76337181527469	2.88224202698836	0.491478096331529	1.83046740833311	0.000268007906376133	0.00340724711347813
chr3	150975968	150976368	401	*	2.34650702269936	3.32776330808044	1.38327933690797	1.45204030074103	0.000268263372119162	0.00340724711347813
chr20	15146944	15147344	401	*	0.858511763789572	2.23177704344206	0	2.25275618473951	0.000274502937648534	0.00346582327012829
chr6	107713116	107713516	401	*	3.78509861440489	4.46723866564845	3.26586204150212	0.968426735495028	0.000277259652016033	0.0034869902209393
chr9	78526038	78526438	401	*	2.74160871482482	3.63194611913477	1.93870717556736	1.34242389796658	0.000290673947570724	0.00362743106736456
chr5	61496593	61496993	401	*	3.76224882333104	4.51089851380323	3.1625468623453	1.08089605083249	0.000293622379583067	0.00364803224663933
chr2	145845571	145845971	401	*	1.30048819740322	2.58882211036127	0	2.11817971753511	0.000293831593595485	0.00364803224663933
chr21	31927733	31928133	401	*	3.16082958226951	3.94709214408855	2.51177831832045	1.16299286517005	0.000298494833682747	0.00368766993219235
chr1	99552180	99552580	401	*	1.46878809358211	2.74473248589839	0	1.97169317419376	0.000298963909979695	0.00368811019648837
chr8	33800191	33800591	401	*	3.13180461765719	3.9755960438415	2.40112434729288	1.18311149441074	0.000300036078398287	0.00369662771400637
chr7	24851784	24852184	401	*	2.01148082780379	3.06583341310393	0.896217784543648	1.59509868954623	0.000309877096315453	0.00379854405154285
chr7	158414027	158414427	401	*	3.16223864338835	3.97690536869236	2.4738675548631	1.14720310777525	0.000310773764346798	0.00380471951192717
chr14	59161517	59161917	401	*	3.1365975440737	3.915634860939	2.49725909911973	1.18890465905775	0.000316221338800586	0.00385193389301242
chr3	26004774	26005174	401	*	1.5673162984765	2.74485174686504	0.129203574134404	1.84137447813569	0.000323637408927595	0.00391273991018081
chr9	20319819	20320219	401	*	3.07443067815957	3.91391812496795	2.35013589846855	1.20857049455154	0.000339801632089589	0.00405750802115362
chr4	169030711	169031111	401	*	2.75242187761473	3.63247979709412	1.96598791876583	1.32567134027219	0.000363137064137213	0.00423493890757129
chr6	111566885	111567285	401	*	3.91591080454909	4.5920905734848	3.40349703873934	0.922263523172408	0.00038576965865693	0.00443154611439348
chr5	83197452	83197852	401	*	2.81793117558176	3.70708484182414	2.01694158118828	1.26473454748555	0.000392236868850181	0.00447399509769747
chr3	59717864	59718264	401	*	2.51325029196476	3.46670046793189	1.60207273864564	1.36301213539711	0.000397071254481872	0.00450789921266407
chr5	12182954	12183354	401	*	3.08977625662933	3.84845880242468	2.47719962267267	1.16005109687587	0.000405324776986886	0.00458547329479089
chr2	235917425	235917825	401	*	2.57763570255696	3.46629467616922	1.77744390942736	1.30711479398188	0.000408013312357375	0.00459976823849688
chr2	159609910	159610521	612	*	2.06384984470735	3.12434462878179	0.934673488460485	1.59532360533389	0.000421512082312725	0.00470810035192206
chr8	22761387	22761787	401	*	3.65765693919315	4.37725716768694	3.0941112727986	1.01089100160703	0.000431038524048912	0.00478141702965597
chr3	165820637	165821037	401	*	1.6453813490585	2.81469263382176	0.23218343493426	1.75117738971222	0.000432397064669304	0.00478477504127006
chr7	158414602	158415002	401	*	3.33145207007035	4.06677984175241	2.74853423621371	1.10640983533754	0.000433545195662873	0.00478477504127006
chr2	205484628	205485028	401	*	3.41455647655778	4.15080235318195	2.83049311814993	1.06131582431947	0.000448974881484892	0.00489074550314926
chr2	6653464	6653864	401	*	1.58799099175666	2.74177424321106	0.220322609622603	1.70847418825913	0.000451937344447323	0.00490568837215704
chr15	23860294	23860694	401	*	2.16669010497033	3.17847698321299	1.1428234563557	1.53869733430525	0.000453102627494679	0.00490810497165377
chr11	124725264	124725664	401	*	3.33354217677027	4.09385450046753	2.71885472099365	1.09132276637803	0.000462038011295531	0.00498260144920482
chr16	46789722	46790335	614	*	4.50531865804015	5.10888928300591	4.07142988417904	0.845293875918633	0.000472567324247637	0.00505910520419381
chr10	83539942	83540342	401	*	1.38447320865686	2.5922434011852	0	1.90971425477034	0.000503100079850831	0.00528299943679545
chr12	28190613	28191013	401	*	4.84786257083647	5.37599789685139	4.48749841736013	0.757380223804057	0.000505470470824384	0.00529759311630231
chr3	24953350	24953750	401	*	1.84945828777749	2.94381739230603	0.639926605522819	1.6210158668406	0.000516125084472329	0.00537404272556035
chr7	55552685	55553085	401	*	2.74975129594532	3.63286292317583	1.95845715486293	1.2990925133717	0.000516649502013289	0.00537404272556035
chr7	113880415	113880815	401	*	2.54453378382712	3.46440484216359	1.69256172515656	1.29715033956951	0.000533950911284992	0.00550083045200411
chr4	118278469	118278869	401	*	6.24728837985506	6.66068553273579	5.98556490960668	0.62243697031098	0.000536552310237333	0.00550794504586942
chr2	162172737	162173137	401	*	2.07669386737859	3.17660677967988	0.853357917385406	1.60669969480402	0.000537359184074694	0.00550794504586942
chr10	91032744	91033144	401	*	1.96632288380352	3.00935074352879	0.876214703918059	1.50633568463466	0.000537485343695436	0.00550794504586942
chr10	42926921	42927321	401	*	2.45357330155609	3.37718023357353	1.59519997990355	1.32679033502753	0.00054386016294206	0.00554978063006419
chr3	147397209	147397609	401	*	3.99550675177352	4.63197835976416	3.52705278605602	0.928055732353594	0.000557783206684069	0.00562078311501407
chr2	43905530	43905930	401	*	1.9565342213917	3.06510660318434	0.711299241284799	1.61654569260366	0.000563116260035359	0.00565686500226392
chr5	96789788	96790188	401	*	1.76934438603341	2.88270577777227	0.511796648682283	1.58822418275065	0.000568301787192659	0.00570097745721233
chr22	27022933	27023333	401	*	3.7560548443442	4.42299280332041	3.25410184730517	0.930492453529259	0.000568684864071366	0.00570097745721233
chr15	23763153	23763553	401	*	3.3297929429546	4.09540121823444	2.70820840735448	1.06637676322272	0.00057910067272379	0.00578145455119297
chr4	20041772	20042172	401	*	2.36516049253048	3.32776330808044	1.43716656986308	1.35013043556255	0.000584620491382099	0.005830550812095
chr13	93762688	93763088	401	*	2.42188239568021	3.3287626218634	1.59182467933245	1.3273715508716	0.000591225836081417	0.00587826591027972
chr13	42720399	42720799	401	*	2.61855073156984	3.50859026134847	1.81613069839587	1.2663793151748	0.000604937765845564	0.00600227184882013
chr16	10078549	10078949	401	*	3.16443345133607	3.94407422310731	2.52428814162227	1.09002495612056	0.000619529762864543	0.00611572499855273
chr4	53558297	53558697	401	*	2.80920293694734	3.59360155370612	2.16266828499222	1.17671358821101	0.000637820668913118	0.00623904581591378
chr2	141226634	141227034	401	*	3.25403174045302	4.00861146155968	2.64674478527603	1.12169713976186	0.000658046646628649	0.006385294314581
chr5	145470404	145470804	401	*	2.16232773930302	3.12264764070477	1.23855667568418	1.35955011158216	0.000680149671751896	0.00656032810881012
chr5	63155279	63155679	401	*	2.15965220373545	3.12389127224526	1.2286198433999	1.36049613311859	0.000691497135842442	0.00663672771407156
chr6	107824416	107824816	401	*	4.28106593236582	4.86512170403988	3.86693459261579	0.857514991631792	0.000707646736740019	0.00675966503215685
chr2	6854510	6854910	401	*	2.11917034121623	3.17552576359438	0.999391692476847	1.51169061700282	0.000722076837750581	0.00686221010478569
chr18	58335231	58335631	401	*	2.43870073644627	3.32626303833822	1.64027502377079	1.26510226969629	0.000724410893546292	0.0068776422481395
chr6	7939518	7939918	401	*	2.7767033878331	3.63109325366504	2.03009492222123	1.18012351484822	0.000737708409596086	0.00696293200636306
chr16	17222926	17223326	401	*	2.83586940154512	3.62998520547222	2.17613049974831	1.1327813365975	0.000764835956226956	0.00713552158005957
chr13	61727859	61728259	401	*	2.51407178196794	3.42131690581646	1.68340570933735	1.24351201904453	0.000796341263673123	0.00733755356556662
chr10	78716069	78716469	401	*	2.54053076407111	3.46445312299981	1.68161490788156	1.2669582128458	0.000801370417318618	0.00736442786671876
chr18	33264515	33264915	401	*	2.65195900939736	3.51051665770893	1.89900592335864	1.17085285919537	0.000807872446317747	0.00740855754748206
chr4	105544507	105544907	401	*	3.22056318797006	4.25394267292628	2.15139397473856	1.48724883272925	0.000817778762746922	0.00747815820438262
chr2	120749807	120750207	401	*	2.46945787281656	3.32881566222108	1.71528142696865	1.21079493302299	0.000822830154174284	0.00748086786168718
chr2	125254018	125254418	401	*	3.0465711215245	3.85010736362394	2.37382844415513	1.11768728870802	0.000828087007157296	0.00751564627676782
chr4	63906798	63907198	401	*	2.43544454885971	3.37621391181466	1.54707468565841	1.29268974808364	0.000858896824338558	0.00770857909814142
chr8	1061853	1062253	401	*	5.25166045110365	5.79824452066889	4.87400684326073	0.765534678563452	0.000919306548445562	0.00809034525708023
chr3	68666689	68667089	401	*	1.97114743563611	2.94704031450083	1.01818585195061	1.46805718016654	0.000931597857823938	0.00810565467669992
chr10	55329734	55330134	401	*	0.969956113798504	2.33044573599404	0	1.89574299651107	0.000953186775454464	0.00821233161343508
chrX	117538406	117538806	401	*	3.58195302629342	4.25397060500623	3.07426811503447	0.930043053388948	0.000962009712202695	0.0082736252690683
chr2	167862738	167863138	401	*	2.1889303278782	3.12325430016889	1.31194096080055	1.27766682504064	0.000967337635447182	0.0083120653608434
chr13	49098169	49098569	401	*	3.3733621476304	4.14971683292184	2.73760106076461	1.02696148147622	0.000988153897209003	0.00846839145183362
chr1	180611324	180611724	401	*	3.9149738585834	4.55062894273755	3.44739749893835	0.89008637355712	0.00102153306255238	0.00869209271679621
chr8	102012347	102012747	401	*	1.44176625084656	2.59158778637898	0.0854110781696831	1.61694517866885	0.00102276486926014	0.00869209271679621
chr7	112435171	112435571	401	*	3.78484786894203	4.39942997493357	3.33956988236701	0.864870004837464	0.00104078247595665	0.00877956227975979
chr4	23889876	23890276	401	*	3.82656217027129	4.46775257799728	3.3530161395178	0.854357611402273	0.00105149271509785	0.00883911063629133
chr12	2403414	2403814	401	*	2.51623966394733	3.41934227890066	1.69245594811367	1.21841754999818	0.00109097702118058	0.00912350731702312
chr1	164836592	164836992	401	*	3.72558178808607	4.37725716768694	3.24059628069232	0.911098644512024	0.00115258759149423	0.00948314208668659
chr12	122404869	122405269	401	*	2.17197462345155	3.1744144218491	1.16708261354096	1.30964052458175	0.00116640160715206	0.00957240098615301
chr13	74575690	74576090	401	*	4.57513550451012	5.0949685636034	4.22241378799672	0.739533024314422	0.00119623978070162	0.00975938166496583
chr6	69327312	69327712	401	*	1.44794313278346	2.50856684848987	0.318472639403151	1.61634401403913	0.00124685415867898	0.0100705051481628
chr18	73475976	73476376	401	*	1.89009332418404	2.88073533336255	0.90862915031431	1.40140647832907	0.00129521420606173	0.0103318405037083
chr11	107259811	107260211	401	*	1.96213766022451	2.94577276005945	0.994320877664157	1.32067800146353	0.00130685483453104	0.0103623351577764
chr12	84599454	84599854	401	*	2.77245551803132	3.55150798555932	2.13309682514827	1.0874843618932	0.00130717333880418	0.0103623351577764
chr10	127063617	127064017	401	*	1.47748088006576	2.58895498129174	0.22480288878053	1.56717263199584	0.00130727713092439	0.0103623351577764
chrX	24268764	24269164	401	*	2.78952460502777	3.59268153617172	2.11730944062063	1.1094406659546	0.00131578994062181	0.0104017222734544
chr6	37705496	37705896	401	*	4.6742009746453	5.2305580020427	4.2872127748343	0.771571780751041	0.00132978758736367	0.0104952428655499
chr18	76371510	76371910	401	*	2.91298787022867	3.74287931939309	2.2027614266793	1.13112951144943	0.00133780713603255	0.0105413541947431
chr11	40825452	40825852	401	*	1.56333345402802	2.66821879688323	0.327479422885432	1.5827411664212	0.00134860897128158	0.0105750085722076
chr1	34590180	34590580	401	*	3.3186783398776	4.03719236160013	2.75645331711424	0.9674059550957	0.00140842210532733	0.0109530149860895
chr13	35984791	35985191	401	*	4.73627326202793	5.24346644299759	4.39502643893621	0.72281018696654	0.00149909018489506	0.0114308577563179
chr13	74675138	74675538	401	*	2.58234479855955	3.46710614558823	1.78841389083609	1.17621952945814	0.00158577477164916	0.011941401935187
chr6	129194575	129194975	401	*	2.53199139421967	3.42323915544542	1.72761667379417	1.15485005485688	0.00160136745299496	0.012030754394727
chr2	223001438	223001838	401	*	5.0694911730208	5.55140665753158	4.75062850802804	0.694036683705234	0.00160426267737234	0.0120431626105998
chr17	65414073	65414473	401	*	4.00985602836308	4.6135490369801	3.57584164076499	0.842550465381804	0.00165516956745824	0.0123655775018916
chr2	16105974	16106374	401	*	2.37971316554722	3.27860857685361	1.56286579314754	1.24366376856573	0.00170396296539074	0.0125963185930106
chr11	30631078	30631478	401	*	2.64177309569855	3.51093357623607	1.8724683942281	1.10405252698578	0.00171260192760717	0.0126312544302725
chr3	128577743	128578143	401	*	3.28385483238165	4.00738031877116	2.71551828428226	0.938823146128409	0.00171682364792023	0.0126527551038505
chr12	9699587	9699987	401	*	2.08487250721223	3.00488168151388	1.23266459190508	1.21229538242573	0.00173256417124778	0.0127590505204285
chr3	64187170	64187570	401	*	4.30236314350248	4.8819799807243	3.892651573367	0.804080074453098	0.00173934407581908	0.0127992462235805
chr6	11711248	11711648	401	*	3.49041571208381	4.17644713252828	2.96669185151531	0.935934184168665	0.00177896587998941	0.0129983680609811
chr1	76713477	76713877	401	*	2.93549693672542	3.74437794909788	2.25528578949828	1.06561072924231	0.00179467822045388	0.0130380074170107
chr11	17263790	17264190	401	*	2.01789709205821	2.9457381755935	1.15221401019496	1.27151665366622	0.00181426747277102	0.0131310659240019
chr2	153543731	153544131	401	*	2.54486171701783	3.37672280734862	1.83176642885245	1.0988392785943	0.00189012288134777	0.0135785979102165
chr5	141814553	141814953	401	*	4.70358585662415	5.18994032536588	4.38084558578445	0.688240119948966	0.00189939320474388	0.0136148954809324
chr4	129282264	129282664	401	*	2.89151856814274	3.66896620596234	2.25430187440752	1.02051181949828	0.0019125359032903	0.0136888379064769
chr2	49371356	49371756	401	*	2.02198848900648	3.00787180056519	1.04981411092231	1.2653715572496	0.00192619304529463	0.013735827283235
chr9	22683051	22683451	401	*	4.1467983272864	4.74402332514988	3.71939320898605	0.829766635441741	0.00193144813486887	0.0137429417619913
chr7	65798243	65798643	401	*	2.58773152844544	3.37621391181466	1.93567316861367	1.11770955026642	0.00193796356770146	0.0137791770848905
chr3	89032610	89033010	401	*	2.29792930462732	3.17675412479107	1.51345037036498	1.15349968344758	0.00194416676865679	0.0138075734899367
chr19	29702545	29702945	401	*	1.81843325144733	2.81029251279386	0.834578203424146	1.323408823551	0.00194480898804974	0.0138075734899367
chr8	86721882	86722282	401	*	2.65512556580706	3.4222286376792	2.03158372600542	1.05233249778001	0.00197785868487258	0.0139945116100069
chr3	76365345	76365745	401	*	2.10511502570763	3.00544038240269	1.28591613353148	1.19621153611177	0.00199570946057157	0.0140621283639594
chr7	95264208	95264608	401	*	1.8440282204114	2.81326532886585	0.903653401184237	1.26318194336387	0.00204690866472055	0.0142838116364982
chr11	92717253	92717653	401	*	3.28460472329976	3.94609839717961	2.78874772757061	0.924896251655797	0.00207086504505862	0.0143655136793322
chr2	45242398	45242798	401	*	3.53254036548239	4.17921997752219	3.05302710410145	0.88405762834617	0.00209662145190026	0.0144613120656711
chr7	97005285	97005685	401	*	4.82494274017168	5.3276250744416	4.48774489692651	0.707557378382011	0.00210077093979532	0.014479619772938
chr13	67763952	67764352	401	*	1.47302225958095	2.58719710484897	0.213368529320974	1.41803998948781	0.00220470709956666	0.015013811187102
chr2	58914725	58915125	401	*	2.82962010482069	3.59149936862611	2.21289804149568	0.988668131008993	0.00247982021367803	0.0162271560414257
chr6	47944813	47945213	401	*	1.64382276016477	2.66817687563106	0.593845342981127	1.29533865429377	0.00249075381134312	0.0162646391834435
chr14	42316688	42317088	401	*	2.64084773265967	3.42269671214494	1.99774314419667	1.01259148156732	0.00257478765403697	0.0166450224577397
chr5	82986317	82986717	401	*	2.40025550469073	3.22836917076838	1.69261021766188	1.04531006574108	0.00257673273217744	0.0166464841750542
chr14	47269882	47270282	401	*	3.01730184154828	3.74408298618429	2.44496962519161	0.944052510275191	0.00266467075928103	0.0170891865118394
chr9	13244263	13244663	401	*	3.36598116468461	4.06340219541963	2.82897219872905	0.890029439736114	0.00268075239789634	0.0171688352887903
chr6	129583927	129584327	401	*	2.66936012443678	3.42230320669111	2.06417367111725	1.00252931811922	0.00268240890044814	0.0171688352887903
chr1	106063535	106063935	401	*	3.00951294082343	3.74406309944696	2.42756405867185	0.946215623637013	0.00273974370287917	0.0174321143355334
chr10	78756922	78757322	401	*	3.54988524237343	4.2060735442892	3.05992207392566	0.873014848347968	0.00276203782426414	0.0175393929771633
chr9	12814343	12814743	401	*	5.15830473535185	5.61212419086899	4.86347621429076	0.655508496668995	0.00276736682136158	0.0175519497178207
chr7	26618927	26619327	401	*	2.62389576349492	3.42414967370683	1.95570692002639	1.0352346304006	0.00276764015067248	0.0175519497178207
chr20	60274620	60275020	401	*	2.12323592265085	3.00609837370186	1.33233936249432	1.11706196791967	0.00290133639202624	0.018138503305605
chr13	79085061	79085461	401	*	2.17356263676412	3.06841937680509	1.36332365597253	1.13856693670911	0.00299636719612077	0.0184368294994393
chr6	148226345	148226745	401	*	2.20077162784035	3.06646443451686	1.43684842625275	1.1343292281412	0.00301032575084075	0.0184937142700166
chr8	133849284	133849684	401	*	2.20020450054643	3.06706338503752	1.43447533883523	1.09943433847647	0.00301162612596201	0.0184937142700166
chr11	134851762	134852162	401	*	4.75217491831185	5.26872189951162	4.40245489726827	0.703110344476598	0.00309361969733461	0.0188775130113348
chr2	123303732	123304132	401	*	1.82020302976637	2.81108375247289	0.838270456225847	1.30707781787472	0.00312806904180111	0.018995146109948
chr1	82632102	82632502	401	*	2.49566257392111	3.33078565898151	1.77779484364651	1.04831370989594	0.00313756883935195	0.019013902778651
chr22	29979594	29979994	401	*	2.01021154762499	2.94710942020402	1.12869434999186	1.13158577889091	0.00322345197604328	0.0194008135090138
chr11	96177177	96177577	401	*	3.28506829045734	3.91391812496795	2.82476638742863	0.906768282079727	0.00324269761241105	0.019480324862648
chr14	27334917	27335317	401	*	1.69164804204497	2.67137343878369	0.731361988451252	1.24751573949939	0.00334903108294142	0.0199336306129101
chr12	77273895	77274295	401	*	1.61190837433398	2.59311953814053	0.648767521059727	1.2169597449434	0.00341701726322859	0.0201770702299425
chr2	44618252	44618652	401	*	2.26062485379795	3.12088739348311	1.50506303844874	1.10550008712344	0.00353153062011359	0.0206081554154807
chr11	91219491	91219891	401	*	3.17112488811449	3.84772481971872	2.65823213378012	0.907759542731818	0.00353258343553263	0.0206081554154807
chr8	20062249	20062649	401	*	2.65164719517134	3.42121741161225	2.02486457555808	1.00938154788607	0.0035592385480344	0.0207013009604595
chr12	94941519	94941919	401	*	2.49986159750083	3.2807031279366	1.85810843360402	0.979681687785256	0.00357614681640948	0.0207497937508145
chr18	78701923	78702323	401	*	3.30226377697101	3.97651890416669	2.79204030732122	0.851393505182717	0.00373128732096503	0.0214443836298073
chr1	212529356	212529756	401	*	0.625698917359674	1.88130806602671	0	1.47503859075471	0.00374835655566655	0.021511588152908
chr4	88575262	88575662	401	*	1.25793074257711	2.32618333617067	0.110901089821198	1.35536241819645	0.00385667351616125	0.0219694272532386
chr11	118940232	118940632	401	*	4.08282430708484	4.69029122589471	3.64492577601852	0.801853503852224	0.00390462444632339	0.0221383976218944
chr17	17380237	17380637	401	*	2.89276579756204	3.5940172100873	2.35123755187083	0.889588591790127	0.00410185899571233	0.0230408367253354
chr13	65940678	65941078	401	*	2.11270726528433	3.00418992366393	1.30795202825189	1.08308877204479	0.00423806638442808	0.023614174261681
chr1	247342743	247343143	401	*	3.46197750921771	4.06671623713039	3.02688892134714	0.810994386214237	0.00432011203079451	0.0239331474013631
chr7	121214713	121215113	401	*	2.15737592677772	3.0060652055677	1.41937115083422	1.07027091751087	0.00432441348553459	0.0239331474013631
chr9	100411585	100411985	401	*	2.23339376589386	3.06652805024091	1.51843890007656	1.085101297707	0.00437130821988298	0.0240931979518195
chr5	52598966	52599366	401	*	2.81709083598603	3.55202682232728	2.23466133637754	0.913140026176262	0.00446238322505132	0.0244994305764784
chr3	117557585	117557985	401	*	2.501515621024	3.28130166387806	1.86117595506744	0.986038408662733	0.00448080809468149	0.02454612259953
chr2	44706740	44707140	401	*	2.2958404090885	3.11970248235251	1.59433651250553	0.983281383443262	0.00477855980839059	0.0257515710542318
chr9	68940552	68940952	401	*	1.864387121224	2.74563996340555	1.07605453619032	1.07200576429595	0.00530844734900132	0.0277425818282401
chr12	124217571	124217971	401	*	3.69031225900816	4.25589433084781	3.29439828906558	0.742091657804541	0.00533299801413711	0.0277958841597975
chr8	122127092	122127492	401	*	2.25278969701348	3.12204072603041	1.48334402993182	1.01033270375323	0.0053372480932729	0.027803071831767
chr17	57823381	57823781	401	*	2.76871068271939	3.46631878518767	2.23148160669083	0.896064862796769	0.00546690642972859	0.0283564659161712
chr8	113145088	113145488	401	*	1.74107204255193	2.73797802287057	0.747240246379936	1.15756887738356	0.0055801352752854	0.0288049200457696
chr5	4927117	4927517	401	*	1.72340260660398	2.66992259905084	0.824759148884106	1.0911158204479	0.00558615067165683	0.0288206090060334
chr22	46014020	46014420	401	*	2.94130661765105	3.67010752712147	2.36648542067062	0.921252489450436	0.00561317763312353	0.0289446284340619
chr12	99154591	99154991	401	*	4.00039789649345	4.55189050628193	3.6180713745819	0.741435664606165	0.0056840470112285	0.0291589751571033
chr3	25789852	25790252	401	*	4.90675798184434	5.36429176312512	4.60880161468089	0.62777665156126	0.00568485595793174	0.0291589751571033
chr8	82039186	82039586	401	*	0.530873434771295	1.7446927300519	0	1.34954211825705	0.00568812529716735	0.0291602993000363
chr10	62083363	62083763	401	*	2.59219706054192	3.37532397965226	1.94737501873721	0.921027960849613	0.00570106139030807	0.0291957051844227
chr10	24849019	24849419	401	*	4.60278137893873	5.08190256894911	4.28634819872577	0.654341460996211	0.00576774355850806	0.029474843599257
chr18	38087470	38087870	401	*	1.74908988177733	2.67211921576223	0.891709193489078	1.11650314161857	0.00577962901912285	0.0295044424993072
chr15	33242163	33242563	401	*	2.5814994242592	3.33075917523495	1.98102041860828	0.914405118832082	0.00578893699502312	0.0295197268451611
chr13	73767386	73767786	401	*	3.60186702975696	4.20380986821329	3.16964695362926	0.791401601135307	0.00579176796838146	0.0295197268451611
chr17	26881179	26881579	401	*	3.9805633254257	4.51142047636872	3.61767519859105	0.701061667321056	0.00580636891887032	0.029547491650205
chr4	173318559	173318959	401	*	2.83963048061407	3.55155343772178	2.28537209644334	0.873824200781803	0.00581768977302857	0.029589552396013
chr2	70124952	70125352	401	*	4.74729054813769	5.14997703227955	4.49406138352854	0.594756989924705	0.00586995490907689	0.0297615933714663
chr8	93991430	93991830	401	*	5.32573506216429	5.77138131646519	5.03773730925912	0.607448634923428	0.00590700339829945	0.0298413648617112
chr11	117719998	117720398	401	*	2.95578420793384	3.66973416650471	2.39908433241692	0.868535209894735	0.00595287343078011	0.0299779647965026
chr9	108322734	108323134	401	*	0.936446576108131	2.00859490645122	0	1.25608084231945	0.00608791645031463	0.0304050453351453
chr2	5520616	5521016	401	*	2.4720421929944	3.27806386182574	1.79583477486763	0.965030663541439	0.00610987865070583	0.0304675926124795
chr13	102045713	102046113	401	*	2.49302861698117	3.32731648699964	1.77638537632259	0.947589537043912	0.00624900506892419	0.0309412311263188
chr17	9371087	9371487	401	*	3.44866280083566	4.03656464062343	3.03067996166857	0.787085172942561	0.00624903397676687	0.0309412311263188
chr11	88105639	88106039	401	*	3.19342338170502	3.81474944288481	2.74108201577193	0.786591415595613	0.00629288025005696	0.0310200717864953
chr10	61673358	61673758	401	*	2.14646616966334	3.00544038240269	1.39287639985011	1.00563254479071	0.0063086664160723	0.0310590368953961
chr7	148042970	148043370	401	*	2.68819038756875	3.46641521723279	2.0499370546006	0.889550882249068	0.0063415912015495	0.0311894206174735
chr2	43152153	43152553	401	*	2.91424728214347	3.5506744226023	2.44584113701031	0.837458181408674	0.00639764639731085	0.0314013216987118
chr12	120234759	120235159	401	*	4.75114835631771	5.217725178835	4.44551436902403	0.648795593414788	0.00643196379939749	0.0315233831552166
chr3	88263502	88263902	401	*	3.81674218039724	4.37622674304328	3.42674047672935	0.740605733482485	0.00654233900885423	0.0319032636371626
chr12	30145305	30145705	401	*	3.9882892584334	4.530277900427	3.61498248672356	0.695671959744625	0.00656370990440241	0.0319190290793744
chr4	25088223	25088623	401	*	5.12419618359773	5.5532417670492	4.84985654892303	0.590281171646339	0.00656574823689734	0.0319190290793744
chr15	35168481	35168881	401	*	0.889075677541748	2.11961051093027	0	1.30851210191576	0.00664528033655739	0.032150845561208
chr6	54801633	54802033	401	*	3.51972496885878	4.12239011467234	3.08676490213945	0.781748003908184	0.00682289447429456	0.0328068073927847
chr1	67463686	67464086	401	*	1.93940016338434	2.81176071142671	1.16509983775347	0.992429060220673	0.00687983848786745	0.0330314109650513
chr13	39341125	39341525	401	*	1.97913371262227	3.06570611757162	0.788648837544152	1.21196686481813	0.00705860976299324	0.0336892937135665
chr14	95256274	95256674	401	*	3.00198423131482	3.6315842490196	2.54088389659407	0.823812792216613	0.00714911130758961	0.0339372519130872
chr10	2714575	2714975	401	*	1.88860257035353	2.74173440576055	1.14390015088732	1.05911647600182	0.00720788042335764	0.0340825752049782
chr15	56040504	56040904	401	*	4.35613127192742	4.81455217554531	4.05742565775972	0.632665996213331	0.00734405540351245	0.0346576076157825
chr15	38690542	38690942	401	*	2.30143539302321	3.06580159027382	1.68147369220801	0.915553249737344	0.00735691967348492	0.0346576076157825
chr13	107205642	107206042	401	*	2.2941783704364	3.0658652352321	1.66460512637122	0.919328223008578	0.00737173395377866	0.0346711372551688
chr14	54818668	54819068	401	*	3.78003788831042	4.32903885802346	3.40008727782607	0.7233641780074	0.00739401896465646	0.0347422026461588
chr16	77853214	77853614	401	*	3.07190951642884	3.67064820129606	2.64296301600124	0.812597360675163	0.00745265750157089	0.0348889523974038
chr3	106438871	106439271	401	*	1.65315489655171	2.51061018038599	0.901884442288262	1.06766403425355	0.00757165397689352	0.0352858022676789
chr10	80158624	80159024	401	*	5.2368309075087	5.63240459398164	4.98918066912719	0.577469792517629	0.00761163847675264	0.0354039899178062
chr15	36755326	36755726	401	*	4.30308958058121	4.76243677962366	4.00360072682905	0.638317673722745	0.00761595618214611	0.0354070665712448
chr4	25014743	25015143	401	*	2.73182112837783	3.42178527613405	2.20353569155485	0.835623789494859	0.00782656779907004	0.0359735656034878
chr13	76619512	76619912	401	*	1.93766928900534	2.81394126516697	1.15722408766663	1.00744497255019	0.00786838386693637	0.0361125257665459
chr7	114659930	114660330	401	*	4.6479622842454	5.10834607467227	4.34759582742984	0.63019423304249	0.00788283295295208	0.0361445806422291
chr1	51729560	51729960	401	*	4.91035090490527	5.32938021434066	4.64411507943662	0.582614148894393	0.00789991410733773	0.0362057587389771
chr8	29990960	29991360	401	*	4.00277201332507	4.57203066516808	3.60326926429562	0.731523426938583	0.00792047687314758	0.036253550461272
chr1	216682861	216683261	401	*	3.28504892963146	3.9148636149757	2.82371996300803	0.776274635342426	0.0079611061438332	0.0363485864671762
chr12	74249374	74249774	401	*	2.03290431747747	2.8820613105207	1.29419684263024	0.991996996860047	0.00799001365910062	0.0364462045571034
chr14	45377232	45377632	401	*	1.60133915167918	2.51046989409682	0.767522827968212	1.06716443655874	0.00799993381328079	0.0364742745046192
chr5	9835358	9835758	401	*	2.60409466204755	3.3278429230121	2.03548534216812	0.860608404686118	0.00802682930037291	0.0365452820615004
chr6	53348877	53349277	401	*	6.43584865135243	6.78849799688053	6.22085226588833	0.500233645905015	0.00803835752282209	0.0365805706066772
chr10	123681306	123681706	401	*	1.7886484125287	2.66817687563106	1.00305441272172	1.02853257707086	0.0080431297534134	0.0365850955998381
chr16	58366233	58366633	401	*	2.03236626104178	2.87926328074263	1.29704892649898	0.996097033364903	0.00805513063275388	0.0366052956581833
chr7	113895885	113896285	401	*	1.38727859513892	2.32723684301057	0.500348655464809	1.10462963463598	0.00806388259805552	0.0366107074915938
chr8	88809143	88809543	401	*	1.57613595145447	2.51246383530779	0.695623362080052	1.06446394343808	0.00831665294824596	0.037444287567547
chr8	31445961	31446361	401	*	2.06462487815307	2.94765640497777	1.27345856324337	0.986202179909088	0.00840012745027792	0.0376921503465503
chr13	89273143	89273543	401	*	1.44929932593688	2.42087326395096	0.504524418342087	1.08375538648298	0.00846695696585112	0.0378204512185007
chr18	45416175	45416575	401	*	4.34626731954374	4.83202693594315	4.02404797109615	0.64426771890614	0.00846878313985166	0.0378204512185007
chr1	113983407	113983807	401	*	3.89175579541642	4.42339853922132	3.52813747195914	0.692152069922793	0.00850386430966955	0.0379324836364993
chr4	8144913	8145313	401	*	2.95732632137489	3.59020561110224	2.49272571798995	0.787053881952259	0.00871455709074967	0.0386252804389438
chr17	10394309	10394709	401	*	2.43867429847139	3.12322371906178	1.91666246264671	0.883421108273038	0.00881289713927047	0.0389343503178354
chr2	45261751	45262151	401	*	2.50547114300663	3.22941132154425	1.93662675842936	0.88106771041946	0.00881915873483693	0.0389442467798271
chr16	51034426	51034826	401	*	4.30197899740308	4.78032892053619	3.98621484416549	0.634889364574528	0.00903185020442139	0.0396669120962229
chr7	26574440	26574840	401	*	0.868550681364523	2.00484848539536	0	1.17590671044852	0.00903586963192142	0.0396669120962229
chr2	179438647	179439047	401	*	2.20536777269446	3.00869423425252	1.53291688098841	0.909320006871284	0.00904389499826161	0.0396669120962229
chr1	104991692	104992092	401	*	3.28155156888457	3.84842180462835	2.88438225388705	0.732529475254313	0.00916258539652999	0.0401132355244107
chr4	93373881	93374281	401	*	2.22207860634576	3.00491487686857	1.57764748743332	0.900474362401078	0.00962067870158716	0.0416480342182253
chr7	49513919	49514319	401	*	2.54549511104547	3.28225150599251	1.96079406669672	0.869286854258338	0.00965343049937775	0.0417524881446959
chr10	60611415	60611815	401	*	2.67838911516448	3.37682541778255	2.14018482547105	0.852549536471655	0.00974111552039839	0.0419257611997947
chr10	43420536	43420936	401	*	3.37690723286068	3.94712669611261	2.97646363332059	0.737888066046594	0.00997209595843433	0.0425633380910453
chrX	71543294	71543694	401	*	1.38153133823798	2.42087326395096	0.299474872635132	1.06579829550311	0.0101737216422185	0.0431020223598964
chr12	4962578	4962978	401	*	2.17467132162504	2.9470748677662	1.54415103861079	0.89664991911889	0.0102214483498033	0.0432124388816571
chr13	43802601	43803001	401	*	3.3736760083106	3.94608110895293	2.97108755040197	0.746853954431974	0.0102917017384465	0.0433513874010942
chr14	105398272	105398672	401	*	4.86221644501134	5.26807086571133	4.60648664714599	0.55434053062442	0.0105676677650721	0.0442826891548931
chr20	43761331	43761731	401	*	3.39077822966668	3.97584727969762	2.97563417320834	0.728173834872108	0.0108128448859668	0.0449792052730681
chr21	42474243	42474643	401	*	3.4585971488751	4.00798774042954	3.07827554166764	0.733583717183375	0.0109112087250046	0.0452135837796081
chr2	150938902	150939302	401	*	2.62171636373839	3.32676330162144	2.07568404921357	0.85100797730466	0.0109933014338533	0.0454057659082699
chr7	128360706	128361106	401	*	5.52958757468842	5.86605097442929	5.32646973843691	0.474517301092511	0.0109946125599212	0.0454057659082699
chr11	92628628	92629028	401	*	3.20634451601013	3.81623203175046	2.7659437977978	0.731604434734894	0.0110591875267998	0.0455676304235982
chr8	28467317	28467717	401	*	2.85774384238966	3.46636700201594	2.41865116258094	0.794939137288406	0.0111558659481687	0.0458544302045347
chr19	44111968	44112368	401	*	3.67186432931431	4.23021373772567	3.28295787502684	0.720689687910089	0.0112517482145693	0.0461312149491485
chr2	170235806	170236206	401	*	4.1457956323478	4.63157349928701	3.82356030757933	0.663921489151904	0.0113110078174183	0.0462762144925553
chr2	4930732	4931132	401	*	2.18085942444847	2.94306107006707	1.56371813096956	0.905491258613993	0.0114258428585739	0.0466278391244962
chr11	8328737	8329137	401	*	3.89110367609999	4.37676128711659	3.56897361505845	0.649312064423962	0.0114863574923028	0.0467762346322371
chr2	110980689	110981089	401	*	2.73777747546582	3.37534965783005	2.26813897151424	0.799441914319579	0.0116593379990447	0.0471853738983427
chr17	82580058	82580458	401	*	2.20404566003527	3.00911907347605	1.52916181761739	0.926279390602522	0.0116776370573335	0.0471956552113229
chr21	18954366	18954766	401	*	1.78472746966795	2.66896620596234	0.991632704901107	0.951248543549077	0.0116847478395994	0.0471956552113229
chr5	122078194	122078594	401	*	3.40600109826736	3.97749192340222	3.00431064094908	0.706232976280824	0.0116916952552627	0.0471956552113229
chr4	92812739	92813139	401	*	1.23806145134723	2.22946814316229	0.255096019277649	1.05984400707237	0.0120774010729821	0.0483613153976306
chr2	227006323	227006723	401	*	3.22161503017644	3.81322741742539	2.79989685072121	0.720339680966417	0.0120803409693173	0.0483613153976306
chr12	116910891	116911291	401	*	4.33706724582528	4.8147589108445	4.02187356341601	0.618903233554405	0.012261523459087	0.0488056944020961
chr8	92272890	92273290	401	*	3.33078981399702	3.91600267691748	2.91550190906401	0.710904649318293	0.0123005746316994	0.0488993287082829
chr7	158863809	158864209	401	*	3.73919666317688	4.30592129143409	3.3421693569739	0.687952205314509	0.0123103700927317	0.0489181879269649
chr7	18580889	18581289	401	*	1.63761584085919	2.50680194638257	0.868271248779735	0.964517991753685	0.012403300606068	0.0490238341964228
chr11	86515679	86516079	401	*	2.52104155349896	3.22881928443255	1.97175257950433	0.828884384579281	0.0124078291630971	0.0490238341964228
chr8	16461088	16461488	401	*	2.57485273357497	3.28295890887528	2.02517115520538	0.824487174994042	0.0124816257988577	0.0491549671558105
chr10	29370565	29370965	401	*	2.55650978722694	3.28026891654756	1.98788715741362	0.795584118072319	0.0127116113467362	0.0498175816599732
