seqnames	start	end	width	strand	Conc	Conc_sp	Conc_control	Fold	p.value	FDR
chr11	120835695	120836095	401	*	4.42267113906938	5.73590659872254	2.46536561999667	3.11348582657407	6.12697243286565e-22	5.9333601039871e-18
chr6	120816836	120817236	401	*	4.43002283023312	5.6984335775455	2.6713492472721	2.83267278465985	3.17739229016455e-19	1.02566223126512e-15
chr4	23333934	23334334	401	*	4.34881837680276	5.57333127389446	2.75640957046774	2.78181416591487	4.89893368465032e-18	1.18603184505384e-14
chr15	33160694	33161094	401	*	3.53802285179811	4.95366902614849	0.948181683511422	3.76561033358117	3.39887333298256e-15	6.58293787132062e-12
chr1	87937770	87938170	401	*	3.50053674747565	4.86873598620529	1.24390017506389	3.32213632786791	3.2801182552366e-14	4.53780931195874e-11
chr7	30001967	30002367	401	*	4.18397790591735	5.35441998777785	2.76738805248359	2.52449901676971	4.85587013139171e-14	4.70242463523974e-11
chr1	208527233	208527633	401	*	3.7413116719265	4.99048214936136	2.05850671299404	2.83105667592012	1.19402458179226e-13	1.05117582273421e-10
chr2	122516887	122517287	401	*	3.55147661343183	4.85235851887686	1.65233464355353	3.00206403297297	3.05073935950366e-13	2.2725661505718e-10
chr5	134436437	134436837	401	*	5.04292076505795	5.98395208912971	4.15408537782321	1.75293688392332	5.30686715280048e-13	3.67083582197999e-10
chr4	88277617	88278017	401	*	3.457263598892	4.77106396978604	1.49722924747866	3.06916862480286	1.27975179656478e-12	8.26207759862223e-10
chr2	217729706	217730106	401	*	4.39337468632612	5.44663018101261	3.28057652268975	2.0158227961507	2.0029842987058e-12	1.21230624679169e-09
chrX	106450404	106450804	401	*	3.28284281034225	4.60961599016996	1.25837026511911	3.14256693069333	2.7918997059317e-12	1.50204204179125e-09
chr2	33214988	33215388	401	*	3.02608892593233	4.44159076995713	0.437406277078873	3.74699840007112	1.18230282760833e-11	6.02601083292585e-09
chr19	17606144	17606544	401	*	4.15518077320237	5.2942407892337	2.82896364553438	2.28494860597263	1.32566709352378e-11	6.41888006684214e-09
chr1	41320161	41320561	401	*	4.48493567328958	5.51899081078632	3.41431453613285	1.96850196907585	2.8839652414841e-11	1.21427475645791e-08
chr21	24658789	24659189	401	*	3.22069896463983	4.52874802937598	1.28815929132936	2.97358974854511	3.40077936425536e-11	1.37221447347704e-08
chr4	26230708	26231108	401	*	3.13532988827036	4.45642323321469	1.13949640846739	3.00550968649137	4.60444947705499e-11	1.78357954943202e-08
chr5	4995279	4995679	401	*	2.92219078290261	4.31865057894798	0.477818782292238	3.60148949930635	1.12944047765893e-10	4.05092651320337e-08
chr12	117019933	117020333	401	*	2.90911646926538	4.33565462399994	0.228691182650486	3.61287778976257	1.60750735945368e-10	5.48399921720258e-08
chr12	26298820	26299220	401	*	2.96783511822061	4.29366197509585	0.948181683511422	3.11615631116156	2.15550731272252e-10	6.95797760546829e-08
chr2	85246263	85246663	401	*	4.41966736662104	5.4092665788693	3.44024666294664	1.86173279661168	2.4080422028804e-10	7.5224131266754e-08
chr1	176609874	176610274	401	*	2.92744647894424	4.30241256641379	0.628354381654306	3.32900040130172	3.16736132133358e-10	9.58522719868575e-08
chr2	216406900	216407300	401	*	3.20231609587615	4.46353985940664	1.47257043180946	2.76625989229326	3.65330111768411e-10	1.07207781889857e-07
chr19	2664131	2664531	401	*	4.15998798106392	5.17075564864465	3.13820850881413	1.85468119918069	3.937436371694e-10	1.12147452422014e-07
chr9	8188776	8189176	401	*	4.17636679201766	5.2192833580276	3.08650268813873	1.93399455389498	5.00893881036861e-10	1.38590181256027e-07
chr11	21537863	21538263	401	*	2.88977562504252	4.21740410915119	0.860930851847717	3.0585019409345	6.54629143794214e-10	1.76095239680644e-07
chr11	16897371	16897771	401	*	4.10356250444704	5.21081761455579	2.86168882763926	2.13233088910812	8.90493707553684e-10	2.16679895780399e-07
chr1	185528253	185528653	401	*	2.67528796751852	4.07205135697913	0.228739053048803	3.40544491982758	1.04650845982518e-09	2.38137162248409e-07
chr13	85137506	85137906	401	*	3.25984781298851	4.41213279540862	1.89647203290599	2.41364251341663	1.94759628277657e-09	4.10011356574093e-07
chr4	2297782	2298182	401	*	3.76340817223434	4.87349505208191	2.51429511093413	2.12044177597238	2.03344190963766e-09	4.18743606828909e-07
chr18	66432705	66433105	401	*	2.8938938454609	4.19228422132087	1.00614514274621	2.90333295871092	2.85142087973094e-09	5.41434505868911e-07
chr5	153352582	153352982	401	*	3.72811969668066	4.78342343707334	2.61071471860766	2.07482256370468	2.95606750299456e-09	5.43918280937717e-07
chr12	94941519	94941919	401	*	3.32206469099016	4.50793415465372	1.85810843360402	2.44485700605422	3.17027107139689e-09	5.68535278803842e-07
chr10	91883887	91884287	401	*	4.41432621172759	5.34712579026227	3.54000797622396	1.64850480727116	3.78319564673065e-09	6.66117575326175e-07
chr15	54567394	54567794	401	*	2.71217232021432	4.03431797390564	0.711084033803336	3.06515329021019	6.28987908526172e-09	9.66844270820231e-07
chr5	63155279	63155679	401	*	2.97857781176944	4.24484211117016	1.2286198433999	2.74970117384394	6.89418613241668e-09	1.0431765391613e-06
chr2	120749807	120750207	401	*	3.14401022056915	4.31847026455668	1.71528142696865	2.43229139714836	1.10522860886658e-08	1.55116432583536e-06
chr4	98604227	98604627	401	*	3.53443971179432	4.68142503143749	2.18611070648915	2.28488832790919	1.31318727492201e-08	1.75699020408351e-06
chr20	38659237	38659637	401	*	3.59033926031461	4.66763697573239	2.42208677210811	2.08329726096415	1.34259887548719e-08	1.75699020408351e-06
chr12	4939331	4939731	401	*	4.39297860376587	5.29055019271941	3.57830275034771	1.58838829223613	1.77514107450342e-08	2.23252807344041e-06
chr14	101068316	101068716	401	*	3.51321924141365	4.58252877935582	2.36373251939366	2.0244415397936	1.89682278785035e-08	2.29610398469284e-06
chr2	146203116	146203516	401	*	2.79229347638485	4.08334441974742	0.937481826721877	2.76951387721806	1.96314135571243e-08	2.34704455416286e-06
chr9	110640797	110641197	401	*	3.04263192753468	4.19955636646074	1.66590764467849	2.40883159040144	2.08252095916615e-08	2.42977505645361e-06
chr3	16658110	16658510	401	*	3.38691599140132	4.44897115424579	2.2541740716746	2.05897867205536	2.39311088254156e-08	2.72645715135676e-06
chr1	184219396	184219796	401	*	2.76022576410467	4.00431117892482	1.09666122387427	2.60717063843389	4.12959038734187e-08	4.4933655405639e-06
chr14	42316688	42317088	401	*	3.28710628981852	4.41258336638382	1.99774314419667	2.21743149129848	4.81410883342314e-08	5.12305823548019e-06
chr17	10073116	10073516	401	*	2.91457462844862	4.06299599488087	1.56218932741828	2.53130186225369	5.21701225946539e-08	5.41997050047093e-06
chr2	186664507	186664907	401	*	3.02265652928622	4.21170680264546	1.54867325131395	2.49378919145054	5.31698882222985e-08	5.41997050047093e-06
chr13	66037102	66037502	401	*	2.62380545879794	3.91095460660177	0.786135895345021	2.91938991667436	5.45535591351631e-08	5.50309027775958e-06
chr5	82986317	82986717	401	*	3.08293376407614	4.24452579734663	1.69261021766188	2.28748915335933	5.87674247719582e-08	5.86704888135715e-06
chr2	6653464	6653864	401	*	2.48746186939992	3.85735665984756	0.220322609622603	3.13307814771354	6.07813751975474e-08	6.0061922185005e-06
chr7	141389328	141389728	401	*	3.00889908515338	4.1934602889382	1.54904040607151	2.35861831987769	6.371718172422e-08	6.11890576978288e-06
chr11	4697761	4698161	401	*	2.45801238125688	3.84622045047051	0.0714172103726465	3.14410869999714	6.39390624710671e-08	6.11890576978288e-06
chr2	44706740	44707140	401	*	3.07825970273888	4.27043457256813	1.59433651250553	2.37121326560173	6.44494411934999e-08	6.11890576978288e-06
chr7	94424335	94424735	401	*	2.6635524622915	3.91154982917526	0.985215083256153	2.69813823375104	7.02002267123051e-08	6.53672111040349e-06
chr12	42893107	42893507	401	*	3.09033586229227	4.20915425676806	1.81857800837318	2.1939472466662	7.14203698587908e-08	6.58699868297648e-06
chr2	235917425	235917825	401	*	3.09774144150191	4.23465157610634	1.77744390942736	2.28641835150384	7.45828248095825e-08	6.81377429675468e-06
chr4	8144913	8145313	401	*	3.56290457979292	4.59675401004987	2.49272571798995	1.9184305537087	8.29361998504576e-08	7.30757621048656e-06
chr11	34161701	34162101	401	*	2.99291731874	4.20248211679415	1.45197405604231	2.42636626269072	8.30063386156053e-08	7.30757621048656e-06
chr2	143355932	143356332	401	*	3.78014245887655	4.83635845413721	2.66067882459186	1.95519750659716	9.0738112986183e-08	7.77617598370085e-06
chr14	29216368	29216768	401	*	4.29071023488419	5.17044040800764	3.50479632509032	1.60193041308767	9.23825198842237e-08	7.84765195227037e-06
chr12	9699587	9699987	401	*	2.79740247593394	4.01396397482581	1.23266459190508	2.51857698451983	1.13031607176619e-07	9.04626515618495e-06
chr11	32073109	32073509	401	*	3.97427159613308	4.92857007607275	3.06154810956983	1.73200290189801	1.29033503326988e-07	1.0159028018037e-05
chr12	82996439	82996839	401	*	3.15599818669024	4.27898904798959	1.87324317615896	2.1601007034217	1.39713122697429e-07	1.05701709390774e-05
chrX	88883250	88883650	401	*	2.74592111419539	3.97549290244982	1.1355456884027	2.52879982057364	1.58664074402895e-07	1.16371715948062e-05
chr9	108322734	108323134	401	*	2.36384984137518	3.77870680864752	0	3.51434491227504	1.58944843922353e-07	1.16371715948062e-05
chr15	94707254	94707654	401	*	2.3750400471367	3.8025501456218	0	3.36297727628388	1.64793479353085e-07	1.19094033884722e-05
chr3	157753380	157753780	401	*	3.50358012084538	4.48516001465714	2.53972944615543	1.83447195028942	1.78342300482432e-07	1.27629485516294e-05
chr5	143652064	143652464	401	*	2.36459396416284	3.83495283573534	0	3.7747916048631	1.80249653856875e-07	1.27629485516294e-05
chr13	92951478	92951878	401	*	2.90572305256325	4.08369811804877	1.46626229004563	2.4404117024278	1.80558028869602e-07	1.27629485516294e-05
chr18	3791213	3791613	401	*	2.76435182381362	3.96515858765973	1.25249292271891	2.42747089802924	1.91739895159443e-07	1.32629224623146e-05
chr18	71902413	71902813	401	*	2.30996419211505	3.69274716227227	0	3.12690976870371	2.05753251767147e-07	1.39971103221359e-05
chr6	107713116	107713516	401	*	4.05255910332045	4.93278276273151	3.26586204150212	1.48191475418059	2.06690084269459e-07	1.39971103221359e-05
chr2	206452647	206453047	401	*	3.33119523157824	4.37308719629905	2.24357533937799	2.10925969801864	2.17266648242291e-07	1.451041532123e-05
chr7	95264208	95264608	401	*	2.63909336741495	3.90174611404898	0.903653401184237	2.65941780502058	2.25708109047975e-07	1.48690974695278e-05
chr2	35185946	35186346	401	*	2.44577978195775	3.77761698930795	0.395186852531463	2.90344935133958	2.28759801472514e-07	1.49348535416191e-05
chr10	78357549	78357949	401	*	3.39448332218282	4.42771550101801	2.32563037403553	1.89967230268726	2.47236402630843e-07	1.57515613360334e-05
chr20	11687234	11687634	401	*	4.64174623042268	5.41651986878145	4.00808625812466	1.27693201950272	2.51637805968508e-07	1.59271928954185e-05
chr4	97517927	97518327	401	*	2.51486427926481	3.77726715533653	0.780422043294136	2.75117150390974	2.7848138115716e-07	1.69610924221757e-05
chr6	165232245	165232645	401	*	4.03728699714729	4.89545243244676	3.28493295117548	1.48779457129362	2.82458471748921e-07	1.70957990026035e-05
chr13	73188094	73188494	401	*	2.25525947851886	3.6565655070571	0	3.4030194309797	2.85795252711804e-07	1.7190318181746e-05
chr3	26004774	26005174	401	*	2.33357374076248	3.69311810072561	0.129203574134404	3.09791362607042	2.89321359801446e-07	1.729242785946e-05
chr17	17380237	17380637	401	*	3.40741051263689	4.43469754453381	2.35123755187083	1.87208195037264	2.96358369102557e-07	1.73935420993282e-05
chr15	38690542	38690942	401	*	3.01583817612077	4.15783757472944	1.68147369220801	2.21926700041154	3.01328478945407e-07	1.74734430545349e-05
chr1	238113072	238113472	401	*	2.46387229332554	3.72813406834654	0.721986753871465	2.73358135050487	3.42297283848296e-07	1.8844326325439e-05
chr1	192851935	192852335	401	*	2.73638892297141	3.91087487642757	1.30758140989695	2.45916086897723	3.90016057607074e-07	2.08669364744028e-05
chr7	28355714	28356114	401	*	4.36963476235622	5.18769792345303	3.67643652654531	1.35797424001048	4.15030205687403e-07	2.18432201732435e-05
chr8	127995561	127995961	401	*	2.58299137239452	3.77661385746007	1.09443238512628	2.45113878030048	4.66096045586889e-07	2.40089048162948e-05
chr6	61842006	61842406	401	*	2.41886385974876	3.69186884417667	0.641312249648461	2.60366408680878	4.8483838879024e-07	2.47114471423404e-05
chr11	131811368	131811768	401	*	3.10110129250557	4.15636309251183	1.98379085808694	1.98283421435734	5.71300963502302e-07	2.83170375739444e-05
chr19	29702545	29702945	401	*	2.5993302733724	3.86922847562493	0.834578203424146	2.69954194641824	5.73124676217793e-07	2.83170375739444e-05
chr7	24851784	24852184	401	*	2.54842389151625	3.78946683029642	0.896217784543648	2.5386741306148	5.85596726581143e-07	2.86489697340305e-05
chr7	84666624	84667024	401	*	3.9816209256736	4.88069677705633	3.16447716240569	1.53978963249018	6.01194264964184e-07	2.92561068437847e-05
chr12	77273895	77274295	401	*	2.44071897109349	3.71717851731525	0.648767521059727	2.69993247138079	6.04619725288995e-07	2.92756870984931e-05
chr11	16999074	16999474	401	*	3.62882102952197	4.59056519152673	2.70241765069115	1.67285793508539	7.21536774504458e-07	3.39192336131125e-05
chr22	29979594	29979994	401	*	2.72780016882379	3.954208201509	1.12869434999186	2.40562745727962	7.46968485080481e-07	3.47377407381138e-05
chr1	67463686	67464086	401	*	2.68567543464986	3.88913117464432	1.16509983775347	2.36438035195186	8.06010798308839e-07	3.68179649567113e-05
chr3	39268027	39268427	401	*	2.74870521743135	3.88913117464432	1.4187097713806	2.20189490847924	8.33125650242667e-07	3.78778816758215e-05
chr8	61931662	61932062	401	*	2.85229259623631	3.99646814113407	1.51185572943099	2.23491422127277	8.44019169525227e-07	3.81938394284219e-05
chr8	25034075	25034475	401	*	2.39932339694782	3.69186884417667	0.537879068737094	2.69250345358441	8.85964051345698e-07	3.9905469177822e-05
chr3	76365345	76365745	401	*	2.70742401125372	3.87949937283665	1.28591613353148	2.32769829557314	9.62479096565972e-07	4.27552640878205e-05
chr8	82039186	82039586	401	*	2.05495922047592	3.5214001395043	0	3.71584993568733	1.05119904118611e-06	4.49263518905638e-05
chr18	58335231	58335631	401	*	2.89337897403343	4.0050185105143	1.64027502377079	2.1201863226517	1.05310634852932e-06	4.49263518905638e-05
chr1	156887822	156888222	401	*	2.62494794245317	3.82414977928684	1.11833696310882	2.36816480718636	1.08950798105039e-06	4.6073341871144e-05
chr10	2949885	2950285	401	*	3.45398963499728	4.41238441206556	2.53376485182357	1.71943176502368	1.18320626922254e-06	4.89665363724405e-05
chr20	59679535	59679935	401	*	2.41124575629994	3.65608991888243	0.744830851303886	2.48795299688987	1.32965565394414e-06	5.36516056366458e-05
chr3	150975968	150976368	401	*	2.7151424972109	3.85624187600716	1.38327933690797	2.15849841514259	1.45274939832259e-06	5.78947537998188e-05
chr21	14888199	14888599	401	*	3.01928095035899	4.08288680296626	1.88298301856083	1.89885944867159	1.50640369495233e-06	5.94067976066424e-05
chr14	79645995	79646395	401	*	2.30796780931583	3.5902167113876	0.491478096331529	2.79036063863852	1.64208492845161e-06	6.38632548077326e-05
chr7	130352392	130352792	401	*	5.02061664587039	5.6763120874533	4.5311986871515	1.05805510771784	1.69812972723346e-06	6.49346366453795e-05
chr17	70105118	70105518	401	*	2.61914943156058	3.80147819628113	1.16624765331051	2.23580017613452	1.88890167819592e-06	7.00847657151312e-05
chr6	117505228	117505628	401	*	3.54008155650319	4.52319552204433	2.57327201903252	1.71653672950959	1.94972884051209e-06	7.17552058650226e-05
chr2	43811002	43811402	401	*	2.47191164037209	3.68016560405924	0.935370308794359	2.32893255711779	1.95615183275154e-06	7.17552058650226e-05
chr8	90455287	90455687	401	*	2.3507816934552	3.59031628573119	0.704164885178712	2.5353664788939	2.00539999590094e-06	7.30086224071605e-05
chr1	81023330	81023730	401	*	1.93469608160859	3.39146279005943	0	3.57361309044638	2.02489330062466e-06	7.34421974653527e-05
chr11	106191779	106192179	401	*	1.87174895292816	3.30996600621565	0	3.54733052243771	2.22225334255022e-06	7.94107061596176e-05
chr13	74575690	74576090	401	*	4.77123401352823	5.47861938450501	4.22241378799672	1.12553813948906	2.34903152284071e-06	8.24203669101066e-05
chr3	182403956	182404356	401	*	2.52207262711583	3.75539262735554	0.898198315259314	2.52590205596484	2.45582661729271e-06	8.58564078045583e-05
chr7	112435171	112435571	401	*	4.01991367500237	4.82888918624614	3.33956988236701	1.33124472555607	2.46592322056029e-06	8.5899282258654e-05
chr1	170145833	170146233	401	*	3.18643140065662	4.18306615303511	2.19313843760932	1.84712160891349	2.59066584130116e-06	8.99211756529048e-05
chr11	107259811	107260211	401	*	2.48471211649889	3.67890507627983	0.994320877664157	2.3307896416201	2.61344992052919e-06	9.00663666562444e-05
chr6	111566885	111567285	401	*	4.11049068316322	4.93815467736912	3.40349703873934	1.29201775354502	2.70846929590723e-06	9.25830777535727e-05
chr10	91032744	91033144	401	*	2.43907808604964	3.65509379483747	0.876214703918059	2.37624836413388	2.74133287724186e-06	9.2821914626609e-05
chr2	167862738	167863138	401	*	2.62962404985837	3.76558083303553	1.31194096080055	2.11939458463199	2.94069122066903e-06	9.71122016128919e-05
chr11	117000487	117000887	401	*	2.86938967896035	3.96370391742037	1.65996876228625	1.96445719265258	3.03350475824607e-06	9.85787250968287e-05
chr5	96789788	96790188	401	*	2.30075746493057	3.57650306221646	0.511796648682283	2.53273350706511	3.10622291516753e-06	0.000100268875701608
chr4	31127139	31127539	401	*	3.08191167981412	4.10142685197203	2.04207108377356	1.87533959492296	3.35669871688619e-06	0.000106577935653527
chr20	60274620	60275020	401	*	2.66022505504845	3.79988889278523	1.33233936249432	2.14175223914989	3.46760379691719e-06	0.000108674029674259
chr4	169049000	169049400	401	*	3.98009581779167	4.81750751701468	3.25886382254281	1.33994393992446	3.54613863381045e-06	0.000110776795257485
chr6	69327312	69327712	401	*	2.1357274542518	3.41815492034289	0.318472639403151	2.92729093721764	4.14020626345408e-06	0.000124514774705867
chr4	152269597	152269997	401	*	2.58664579848715	3.69080425994076	1.35263118365749	2.07044117571061	4.26189726087134e-06	0.000127776651976913
chr14	62170246	62170646	401	*	2.80094329317781	3.86848967843614	1.65555202681634	2.00494641372515	4.99413059264084e-06	0.000144367643758609
chr4	18397722	18398122	401	*	2.94321517156697	3.98337466375987	1.85937842469166	1.79831931905028	5.11102807408488e-06	0.00014687001741673
chr4	180407250	180407650	401	*	3.61127483218747	4.51396214357328	2.78817820745088	1.45394089563487	5.30283839539869e-06	0.000150154055617079
chr7	36522412	36522812	401	*	2.63013470994739	3.76566901084518	1.31360815920606	2.09148922782927	5.5055061698078e-06	0.00015498640043145
chr12	84599454	84599854	401	*	3.11905025419712	4.11197534775949	2.13309682514827	1.7539701494356	5.76118092806578e-06	0.000159860389992519
chr17	6257206	6257606	401	*	3.42993203749841	4.39049478132963	2.50571267619671	1.68379263845415	6.01607953703571e-06	0.00016365088268723
chr6	47944813	47945213	401	*	2.27290059867783	3.52108677722925	0.593845342981127	2.44943417920882	6.24988890773569e-06	0.000168644318980664
chr14	76112794	76113194	401	*	3.79406534651527	4.61530954972209	3.09632102738692	1.31789042926934	6.29216196676796e-06	0.000168644318980664
chr5	162382909	162383309	401	*	2.73214105296358	3.81215571466424	1.55742591839525	1.97352207725498	6.3041350135275e-06	0.000168644318980664
chr1	99552180	99552580	401	*	1.9958479608454	3.37357715722073	0	2.90635357265985	6.3569911019803e-06	0.000169589812208202
chr17	66920827	66921227	401	*	4.4884196097574	5.17815449506719	3.96040083298058	1.12845804695922	6.46030835534223e-06	0.000171228317276586
chr3	98971178	98971578	401	*	2.28299749041375	3.50832770563427	0.687705343110181	2.52640776397848	6.81317532567852e-06	0.00017832105365911
chr9	107275026	107275426	401	*	2.19124814659151	3.40433450487115	0.638392120249327	2.35558775429653	7.26398198488624e-06	0.00018702770662289
chr1	212529356	212529756	401	*	1.79742932796877	3.24537761207068	0	3.38890777390691	7.61490342613941e-06	0.000194659603829363
chr5	145470404	145470804	401	*	2.51956048952406	3.64188985604034	1.23855667568418	2.05399981203688	7.74302364494171e-06	0.00019593005675417
chr9	81823806	81824206	401	*	4.51884584448818	5.26545450137113	3.92173816286977	1.13975785300509	7.78651451916601e-06	0.000196366163030218
chr9	22773875	22774275	401	*	2.54859008821706	3.64107614540272	1.34367245740614	2.05427395779249	8.36019891356058e-06	0.000207792596643508
chr2	227006323	227006723	401	*	3.60686546063365	4.49971247474044	2.79989685072121	1.4508833575408	8.48066368426993e-06	0.000209507007955281
chr5	59744512	59744912	401	*	3.49356594744432	4.36571440744507	2.71959759164074	1.42734955024362	8.79193187826371e-06	0.000215547008377483
chr7	96592242	96592642	401	*	2.20966766437114	3.46454335663409	0.504883215712422	2.40017439804416	9.255241486947e-06	0.000224069396398987
chr17	10394309	10394709	401	*	2.91285973554892	3.91095460660177	1.91666246264671	1.84715066908168	9.48864725249393e-06	0.000228010074424693
chr17	57823381	57823781	401	*	3.17026630921328	4.13865623826032	2.23148160669083	1.68034376859118	1.00395677870511e-05	0.000235978578761657
chr18	33264515	33264915	401	*	2.9498002113499	3.97454208953205	1.89900592335864	1.73341615507854	1.01997127487592e-05	0.000238873845766262
chr8	133849284	133849684	401	*	2.63724617782131	3.72885788107503	1.43447533883523	1.97212463269784	1.1255485683093e-05	0.000257423096289381
chr20	15146944	15147344	401	*	1.43142289681175	2.87754774839845	0	3.4332765926834	1.12708997136202e-05	0.000257423096289381
chr10	42926921	42927321	401	*	2.7433995450385	3.81215571466424	1.59519997990355	1.89178748723649	1.16706200477452e-05	0.000264679823284227
chr13	67763952	67764352	401	*	2.13059986629587	3.43538876017305	0.213368529320974	2.59808336462231	1.23580400073807e-05	0.000277594415286416
chr17	33334700	33335100	401	*	2.89329589392773	3.93421137875187	1.80781008832241	1.79032979559605	1.23833939904721e-05	0.000277594415286416
chr8	67503899	67504299	401	*	2.14936063448558	3.35844800134916	0.610022658908106	2.3884095663712	1.3138357029109e-05	0.000288507595169823
chr2	145845571	145845971	401	*	1.79451456258198	3.17531197637302	0	3.06114981531627	1.46682204143627e-05	0.000314960191779796
chr13	107205642	107206042	401	*	2.76474704402687	3.8123264629836	1.66460512637122	1.81628691403133	1.57119243089829e-05	0.000330052657284578
chr8	11726877	11727277	401	*	2.39762684356597	3.54878087170581	1.03747991523652	2.11266485907366	1.6133899944494e-05	0.00033745288782393
chr4	96585274	96585674	401	*	2.06834189245243	3.31123122820593	0.409256190952331	2.57714575752824	1.6580266140245e-05	0.000345297413552973
chr3	61948706	61949106	401	*	3.15912785097826	4.10236746036922	2.26635882641018	1.5768580552639	1.79433167898307e-05	0.000362006416234834
chr21	30391638	30392038	401	*	2.51070220491539	3.62986922264132	1.23802991858253	1.9248385599025	1.82654828017711e-05	0.000364707083406911
chr2	142885537	142885937	401	*	2.36650823718571	3.50722410877417	1.03570912569186	1.99736453008947	1.89997224883939e-05	0.000371564743720901
chr11	120124260	120124660	401	*	2.66556976474429	3.80272203452104	1.34460717755288	2.04000700169627	1.90091681135794e-05	0.000371564743720901
chr14	104169474	104169874	401	*	3.36114951555353	4.22634197045786	2.59800009301717	1.40978729221905	1.9528408328277e-05	0.000378984180863797
chr1	208224165	208224565	401	*	3.16901526532344	4.09262486532538	2.31063735608822	1.50024418330622	1.96116197227632e-05	0.000379216801134304
chr4	23889876	23890276	401	*	3.99922384336122	4.78337988809419	3.3530161395178	1.18002826306789	1.97292419797243e-05	0.000379836937041054
chr3	165820637	165821037	401	*	2.03341369708712	3.31207673326602	0.23218343493426	2.45704022415842	1.98100287684019e-05	0.000380635552764293
chr11	58689055	58689455	401	*	2.2806862712488	3.45050421876839	0.865969886083321	2.20958243289886	1.99349641117352e-05	0.00038227760882781
chr4	161656609	161657009	401	*	2.78568924823891	3.81134718534859	1.73296245453904	1.75500901435865	2.00525982630503e-05	0.000383016492267019
chr4	38343563	38343963	401	*	2.38650345166966	3.53605868476311	1.03090445972739	2.00684587330034	2.02000746705968e-05	0.000385073864389881
chr3	22431316	22431716	401	*	2.02117838787265	3.27963552765624	0.302378001803312	2.39861377307682	2.44693425491415e-05	0.000442091629190086
chr22	44592787	44593187	401	*	3.11151711881052	4.06456900314405	2.2010645204034	1.50403195745703	2.50024573450664e-05	0.000449209270741415
chr3	29705867	29706267	401	*	2.56406171391959	3.5894729516656	1.51185572943099	1.79891200599041	2.61776019146065e-05	0.000467719367049906
chr7	113880415	113880815	401	*	2.77349917980985	3.8123264629836	1.69256172515656	1.74170263832181	2.63010099931849e-05	0.000469058896453043
chr14	47269882	47270282	401	*	3.30400871136519	4.2280026894633	2.44496962519161	1.48431180509859	2.68544035000174e-05	0.000476296782956352
chr7	113895885	113896285	401	*	2.08833767272615	3.31159364819455	0.500348655464809	2.40089034670431	2.8875962061798e-05	0.000505668746123783
chr2	205484628	205485028	401	*	3.5657180596231	4.412553363205	2.83049311814993	1.35221176539949	2.89478712003656e-05	0.000506012968780399
chr4	53558297	53558697	401	*	3.00698462436917	3.92235303030194	2.16266828499222	1.57887266253769	2.92676467908496e-05	0.000508847202015417
chr4	132502123	132502523	401	*	1.71564060158952	3.04348183094141	0	2.72989202253263	2.95213424683873e-05	0.000512338137032013
chr7	148022796	148023196	401	*	2.20226061959415	3.4346125395721	0.581888255442088	2.28849973961717	3.13606121904577e-05	0.000531867195188078
chr5	4927117	4927517	401	*	2.23592791435237	3.40456102899506	0.824759148884106	2.06782809784431	3.74340039404517e-05	0.00061546841113639
chr8	94366582	94366982	401	*	2.40546115616038	3.50638006936686	1.17960482225892	1.93946827099201	3.85453922503527e-05	0.000631199894989404
chr16	25751232	25751632	401	*	2.71411529516197	3.69140475445135	1.75849120965642	1.67180008929115	3.89247032181832e-05	0.000633524077251909
chr3	59717864	59718264	401	*	2.70524922441318	3.75419617009813	1.60207273864564	1.72441972266395	3.96995993741039e-05	0.000639685391578739
chr5	61496593	61496993	401	*	3.87849428355284	4.71230700872285	3.1625468623453	1.29627178156205	4.03243759120733e-05	0.00064545662203722
chr5	103307359	103307759	401	*	2.64311600066036	3.61540740719889	1.69698601823217	1.66949068435689	4.47291007260959e-05	0.000702036647376844
chr3	106438871	106439271	401	*	2.18686242018463	3.31069139088503	0.901884442288262	2.1313594710677	5.04009028890274e-05	0.000764610916871503
chr6	129008066	129008466	401	*	2.61436143058063	3.61550525803851	1.61207105144542	1.67085257996042	5.04177509334682e-05	0.000764610916871503
chr14	94451458	94451858	401	*	2.08886423915311	3.31183521095036	0.501874982778994	2.2595509110039	5.07670970329299e-05	0.00076697124441013
chr11	124725264	124725664	401	*	3.45481482667175	4.30214101803641	2.71885472099365	1.343040440362	5.33807002851367e-05	0.000798977900403808
chr1	224733244	224733644	401	*	4.25813124847747	4.95911810069013	3.71691598648979	1.06247497695117	5.35894943919067e-05	0.000800865221745717
chr2	4628958	4629358	401	*	2.90289723699127	3.87994480160919	1.94773484668613	1.54034301933971	5.37400372292063e-05	0.000801877535481716
chr8	102012347	102012747	401	*	1.8357337142503	3.10208814699364	0.0854110781696831	2.3807806814023	5.40189739568898e-05	0.000804799605843879
chr11	28547380	28547780	401	*	2.95473458019369	3.91230412192603	2.03602585651319	1.48258128098888	5.51718435761918e-05	0.000818199285132988
chr1	22320469	22320869	401	*	2.41195086626923	3.44913587489868	1.33457583115407	1.73373563666189	5.60261627470325e-05	0.000828331847392768
chr10	31650046	31650446	401	*	1.84808425339559	3.17696615127988	0	2.55825755017046	5.78638866757667e-05	0.00085030937567242
chr5	150458992	150459392	401	*	4.9779133846024	5.55592639890639	4.56979205636371	0.892077247180032	6.2127186162652e-05	0.000898530466472342
chr13	93762688	93763088	401	*	2.60801337771898	3.61604011167584	1.59182467933245	1.69771564025455	6.25926973629804e-05	0.000902005478070093
chr2	148817160	148817560	401	*	4.32768624383356	5.02511274459987	3.79067084267779	1.07434551547409	6.34800074944603e-05	0.000909379278959103
chr2	44618252	44618652	401	*	2.66063412681147	3.73254989823425	1.50506303844874	1.81887763502129	6.41227050387275e-05	0.000915876512677046
chr12	30110900	30111300	401	*	3.88884897959516	4.6485547476821	3.27494774939828	1.17303471115966	6.48679838965098e-05	0.000923796405961472
chr13	37293251	37293651	401	*	1.78587221845862	3.04333636278552	0.0709750611646536	2.33931531402287	6.52400908843634e-05	0.000925176116880505
chr4	108333487	108333887	401	*	2.93659919201558	3.86812283110783	2.06451077256098	1.52628191135847	6.61520407872678e-05	0.000932483788913975
chr17	5191735	5192135	401	*	5.07201934935849	5.71519996525647	4.59631526621261	0.993558050766935	6.68954448567692e-05	0.000940225671978161
chr10	548405	548805	401	*	3.16971044871072	4.10226043446288	2.29582882494742	1.45030058537455	7.01721032086536e-05	0.000974959322055382
chr10	78716069	78716469	401	*	2.76323632413992	3.80237823624053	1.68161490788156	1.66083203710534	7.11436837463894e-05	0.000980213122841348
chr16	17222926	17223326	401	*	2.99892221399926	3.90142512438428	2.17613049974831	1.44759832144189	7.2709285455862e-05	0.000993112440556513
chr3	84209550	84209950	401	*	2.08376291875476	3.20905911969064	0.794881931383887	2.05440440189334	7.66117815597299e-05	0.00103473987813727
chr10	123681306	123681706	401	*	2.27084850178437	3.38815219345755	1.00305441272172	1.9776788734638	7.7453114969934e-05	0.00104174439634561
chr18	9760662	9761062	401	*	1.94845383444192	3.17544472842076	0.347280263057596	2.3662550859046	7.82298929219598e-05	0.00104927740035493
chr10	83539942	83540342	401	*	1.66211813273693	2.94344947873314	0	2.54322970796768	8.08122965648036e-05	0.00107498115375489
chr5	1229846	1230246	401	*	3.94280721096257	4.66110726101336	3.38084208194533	1.06499089000151	8.13083384329296e-05	0.00108009595251645
chr15	79065837	79066237	401	*	4.66139133481017	5.29347851011342	4.19763773565824	0.963557520481174	8.19795519839617e-05	0.0010860328063101
chr12	122404869	122405269	401	*	2.44330401978138	3.56382123707699	1.16708261354096	1.80229192840147	8.3306604986769e-05	0.00109611571017917
chr9	26820977	26821377	401	*	2.59547016819539	3.5755510207017	1.6345019119731	1.61355622409044	8.53176972300611e-05	0.00111650889185934
chr21	16588394	16588794	401	*	5.01193282944508	5.56982429958298	4.62346773622074	0.852868013172577	8.58842225438098e-05	0.00112240595292072
chr3	54324184	54324584	401	*	3.10161113952389	3.95370772664798	2.35847409766447	1.33633899768337	9.12053706822159e-05	0.00117578824907004
chr13	35984791	35985191	401	*	4.83181403747724	5.43820359667131	4.39502643893621	0.92837447687839	9.16934222279556e-05	0.00117766458999406
chr6	11785450	11785850	401	*	2.7265764527418	3.66709576576519	1.83865072764095	1.54871650394624	9.24568314461116e-05	0.0011843279837621
chr2	5520616	5521016	401	*	2.80513901035221	3.80976872256921	1.79583477486763	1.64245602102484	9.56174583806939e-05	0.00121676671085235
chr21	20301426	20301826	401	*	1.55913390990736	2.92144568266262	0	2.70869481371944	9.75785004155606e-05	0.00123200808086609
chr2	153543731	153544131	401	*	2.77258078642026	3.74205181895178	1.83176642885245	1.5423227308879	0.000103140116026014	0.00128216801488565
chr12	120234759	120235159	401	*	4.915163985461	5.55274648437185	4.44551436902403	0.973005546560208	0.000104434786691288	0.00129379694599254
chr6	98380567	98380967	401	*	2.36070971260762	3.47983825264081	1.08813839187083	1.85705860503421	0.000107395435034595	0.0013231773446247
chr9	68940552	68940952	401	*	2.24796675143211	3.32680516682457	1.07605453619032	1.81657408029499	0.000111556008851453	0.00136230566168659
chr9	95132923	95133323	401	*	2.7440342983387	3.72953316112437	1.77260649336204	1.54777302795242	0.000112689666749442	0.00136752723408721
chr3	136802513	136802913	401	*	3.02218393428544	3.93338996072725	2.18488774104714	1.39932614310292	0.000112905168527391	0.00136842759952348
chr21	31927733	31928133	401	*	3.22929400583816	4.06417708732788	2.51177831832045	1.30016945101568	0.000116302880298417	0.00139580816112765
chr12	82866321	82866721	401	*	2.79314402586352	3.75335448755035	1.86957492253292	1.47957133101804	0.000116817786088869	0.00140007851545125
chr6	49406355	49406755	401	*	2.19658294624254	3.29402883508278	0.979401781309783	1.87448282109607	0.000125014510138601	0.00147279868148687
chr2	207338259	207338659	401	*	3.09144636322856	3.93248953016876	2.3648489355555	1.34669260201175	0.000126340338229401	0.0014830058611073
chr7	2934960	2935360	401	*	2.91338298614116	3.86951299290904	1.99731298895831	1.50959776013806	0.000128288327874709	0.00149860575046886
chr2	21814796	21815196	401	*	2.41891265667702	3.44891624318187	1.35696605096414	1.68331103903783	0.000129139791704881	0.00150169866841339
chr10	17423418	17423818	401	*	1.90337721988558	3.04181283635034	0.57888276056425	2.02814158120836	0.000129451700325965	0.00150312981529573
chr1	80365529	80365929	401	*	2.09697386140119	3.21002720774607	0.840222527711098	1.82460137952122	0.000133272962439079	0.00154195384499408
chr4	8263965	8264365	401	*	2.90261221256084	3.80014719444668	2.08799633248461	1.39971192486581	0.000143192342671567	0.0016237408037839
chr2	45242398	45242798	401	*	3.67562228508339	4.44200283859331	3.05302710410145	1.17203987863431	0.000147657797167724	0.00165308451765577
chr7	26574440	26574840	401	*	1.61120429862184	2.94508044185626	0	2.46851256561833	0.000151049060318612	0.00168268615792732
chr15	36756574	36756974	401	*	3.39446222224323	4.24610252850828	2.65201421816755	1.30003685907437	0.000156491618102152	0.00173791838268491
chr3	147397209	147397609	401	*	4.05990075452148	4.75377539020498	3.52705278605602	1.06647465965311	0.000157392342936596	0.00174591918556472
chr7	65798243	65798643	401	*	2.78631337065084	3.70540383084363	1.93567316861367	1.51922868633101	0.000165888610105109	0.00181726843920575
chr10	82889791	82890191	401	*	3.67030162768937	4.46513719757422	3.00957628290812	1.17754004793656	0.000169005929486942	0.00184100497317385
chr22	27242907	27243307	401	*	1.9484672483444	3.08119195053539	0.639599873038993	2.00289545437399	0.000171313011736616	0.00185637779954642
chr17	65414073	65414473	401	*	4.12664385456156	4.83568662707326	3.57584164076499	1.06072933415061	0.000185659145488926	0.00196508562994159
chr7	89085405	89085805	401	*	2.39722923893701	3.41977709926149	1.35104795783342	1.62706942865958	0.000185725772504588	0.00196508562994159
chr2	43152153	43152553	401	*	3.13695439601292	3.95355291842077	2.44584113701031	1.27423504718779	0.000192752968183409	0.00202015123797417
chr2	52866956	52867356	401	*	1.97857053664441	3.06328297941256	0.792583248938232	1.8617140894656	0.000192967259063916	0.00202021074245942
chr13	76619512	76619912	401	*	2.31584992518931	3.38906829162377	1.15722408766663	1.75093479783472	0.000193744024656401	0.00202309295654009
chr13	29884977	29885377	401	*	3.26140035150599	4.07322506228713	2.577047385178	1.2188803611824	0.000202910672094485	0.00209041164740744
chr4	20041772	20042172	401	*	2.47495855967273	3.4934896819448	1.43716656986308	1.55772377134998	0.000209361314809231	0.0021329631585534
chr8	101949785	101950185	401	*	2.96928583572113	3.86668752715453	2.1548882914127	1.32630755344577	0.000212632147635984	0.00215760933837947
chrX	1778760	1779160	401	*	2.03838465211733	3.15572621899332	0.770491632251006	1.77094830526281	0.000212775394274307	0.00215760933837947
chr7	18580889	18581289	401	*	2.07797020891458	3.17239706088542	0.868271248779735	1.86294142644531	0.000217076031129873	0.00219203783676923
chr8	86721882	86722282	401	*	2.82268736569497	3.70567961378939	2.03158372600542	1.38234076712001	0.000217541878647823	0.00219234241031247
chr1	2255850	2256250	401	*	4.14311527148925	4.8638787993776	3.57815278322845	1.04751091229416	0.000217558969053106	0.00219234241031247
chr4	80307137	80307537	401	*	2.51651885348729	3.50711863084899	1.53513752228221	1.50725679111649	0.000220429211186025	0.00221665262837536
chr9	107176275	107176675	401	*	2.76148703721628	3.70577152972408	1.8668509036797	1.43702550199179	0.000229902048449497	0.00230234895262144
chr15	33094330	33094730	401	*	2.21095425956837	3.31207673326602	0.984587185342413	1.74488153226136	0.000244613022786799	0.0024245982729451
chr4	25014743	25015143	401	*	2.96817176624393	3.83432514998177	2.20353569155485	1.29353064556591	0.000251258286031183	0.00247023882429033
chr5	67287852	67288252	401	*	3.45475178746653	4.21881753670549	2.83518215278091	1.18234897000097	0.000256945587427804	0.00250554926277813
chr3	186921583	186921983	401	*	2.35474964661958	3.43505614533875	1.17933788479907	1.64076348561838	0.00026021566779636	0.00252751106012031
chr2	210814310	210814710	401	*	2.79909862925901	3.66719017301112	2.03145633751426	1.29268696056414	0.000261410352332993	0.00253657099398067
chr3	131505434	131505834	401	*	3.3651324143097	4.16541866851564	2.69689881800409	1.17482448356749	0.000262089285034513	0.00253673953291179
chr7	130273191	130273591	401	*	5.12468113420428	5.66425757213256	4.75364532802439	0.814211089726574	0.000263875123095833	0.00254537048284089
chr1	83114445	83114845	401	*	1.96216364052889	3.12138186456897	0.578777818768835	1.97135405969138	0.000264682783583311	0.00254537048284089
chr6	80467005	80467405	401	*	1.64524780378657	2.87860275512434	0.0212468561758024	2.07084557396125	0.000272976168692361	0.00260700317319214
chr6	116462011	116462411	401	*	3.67602846658406	4.42743684904169	3.07280675032531	1.10029823396474	0.000284286463280605	0.00266250494236884
chr1	199976538	199976938	401	*	2.22108643271792	3.27667666490986	1.10303539434376	1.6584470859852	0.000292481645975375	0.00271884919610772
chr18	27785952	27786352	401	*	2.3603489384613	3.40529327499535	1.26602831712994	1.58134785189952	0.000299994800283236	0.00276992766224372
chr4	181158862	181159262	401	*	2.89155012205091	3.74187254693824	2.15108920668568	1.27730905315937	0.000300745879648719	0.00277109714416574
chr6	129583927	129584327	401	*	2.80346129469072	3.65300414715447	2.06417367111725	1.32774809189298	0.000301673310728914	0.0027735564045182
chr5	5891392	5891792	401	*	2.66543266758278	3.61530954972209	1.76073897388924	1.46290931908769	0.000302493699585828	0.00277663411070062
chr18	109294	109694	401	*	6.74319281283211	7.23690921888196	6.41397205708778	0.740481990742922	0.000303674742820516	0.00278220076582203
chr7	20013813	20014213	401	*	2.29634960810901	3.36002188433507	1.15989907350107	1.61371971485033	0.000305921250294893	0.00280013363691469
chr10	127063617	127064017	401	*	1.67496256560754	2.85640748577722	0.22480288878053	2.03235633464362	0.000309636116130532	0.0028261226659831
chr3	24953350	24953750	401	*	1.93637271586718	3.06449732628601	0.639926605522819	1.79929455479483	0.000328957605807688	0.00295512565365645
chr14	75410460	75410860	401	*	3.0745815064643	3.88969766561487	2.38557324283898	1.22551417240103	0.000333142619768006	0.00298268929776322
chr15	23763153	23763553	401	*	3.37004245700551	4.16568598709981	2.70820840735448	1.16551308136734	0.00033517890927714	0.00299711224140335
chr3	68666689	68667089	401	*	2.07338071198827	3.10020595193586	1.01818585195061	1.74492236960835	0.000336516451244306	0.00300629641499065
chr10	101322613	101323013	401	*	4.25494134768013	4.91184734839668	3.76418354764544	0.965001751260532	0.000355451639971469	0.00313782468685844
chr7	158414602	158415002	401	*	3.35089877984634	4.10163643811324	2.74853423621371	1.16954091394571	0.000358271204481216	0.00314836510362622
chr11	99366505	99366905	401	*	2.76869869756402	3.64188985604034	1.99309705649996	1.32911711953171	0.000365458733734444	0.00319702111787205
chr18	29773277	29773677	401	*	1.89138854346159	3.02634244182098	0.576448773613749	1.76320898004999	0.000372689679263724	0.00324270157591186
chr2	49371356	49371756	401	*	2.20602832678737	3.27821866537165	1.04981411092231	1.62824682113838	0.000379207401822235	0.00328781629787242
chr1	247342743	247343143	401	*	3.6043412560472	4.3352704411712	3.02688892134714	1.08553321094512	0.000382842492384828	0.0033102202645131
chr4	93373881	93374281	401	*	2.52236959157174	3.49391555098312	1.57764748743332	1.45238674224086	0.000388047124004881	0.00334065469525701
chr4	88575262	88575662	401	*	1.61369810544724	2.81172875543187	0.110901089821198	2.09215199626751	0.000388087209021493	0.00334065469525701
chr2	200320351	200320751	401	*	2.77637721160662	3.69371763311559	1.92871585417375	1.34086259104053	0.00039460586462692	0.00338173733897973
chr10	25816397	25816797	401	*	3.85277777554802	4.52830803934664	3.34110386332046	0.987654420384194	0.000447897485401457	0.00372632237854614
chr14	45377232	45377632	401	*	1.95861608336967	3.04543945338371	0.767522827968212	1.75530778541094	0.000456046456915963	0.00378761053925745
chr6	145067442	145067842	401	*	3.13015304976314	3.88913117464432	2.51719399994364	1.19311157954467	0.000466148130030303	0.00385497736226597
chr11	29538406	29538806	401	*	2.20772101392175	3.25986464879376	1.09741471639554	1.6651440049149	0.00047154540422327	0.0038916657023069
chr18	107538	107938	401	*	5.4397245853666	5.96390378516758	5.08301267756512	0.780393769680115	0.000471903906448084	0.0038916657023069
chr2	159609910	159610521	612	*	2.06078813589354	3.11993860688774	0.934673488460485	1.6492654446166	0.000477335044315043	0.00391406652764341
chr7	29157038	29157438	401	*	3.44703778220915	4.24420941415544	2.78310279578545	1.15289149922068	0.000482433150453661	0.00393919277318149
chr2	77201714	77202114	401	*	2.15480272729978	3.2260856588794	1.00071240357176	1.60163520902028	0.000483549812855763	0.00394498431987802
chr17	4899259	4899659	401	*	3.35432818204127	4.1286766062527	2.72123237918038	1.08029196805002	0.000484611258077355	0.00394699362760396
chr20	8473525	8473925	401	*	2.81329544268882	3.74325838605567	1.94392712534812	1.36205140249611	0.000488026408453971	0.00396813412213959
chr13	65940678	65941078	401	*	2.35355561538549	3.37582798514806	1.30795202825189	1.51603412525247	0.000489625436166075	0.00397446162936485
chr5	12182954	12183354	401	*	3.09489481219391	3.85752214170618	2.47719962267267	1.17923030176926	0.000515383928097324	0.00413455891736585
chr6	92635664	92636064	401	*	2.28557029613517	3.24537761207068	1.36274478297725	1.47324261503178	0.000515752496094377	0.00413455891736585
chr16	58366233	58366633	401	*	2.30523101072291	3.30930471695563	1.29704892649898	1.56349009688343	0.000518968488597701	0.00415346350709102
chr18	13424370	13424770	401	*	3.03385907302633	3.86804069828984	2.31737147009195	1.21858532415688	0.000531669094030759	0.00422716215648101
chr12	33324007	33324407	401	*	2.35627682750919	3.32704419617619	1.413022957157	1.38328484247527	0.000541384494273428	0.00427981015717867
chr13	39341125	39341525	401	*	2.44194973042908	3.68328724383752	0.788648837544152	2.05291362003556	0.000555143699632467	0.00436010672120098
chr17	17937514	17937914	401	*	2.98950991460852	3.8238110501594	2.27284723931457	1.18156111088959	0.00057024556232588	0.00443996476166509
chr12	2403414	2403814	401	*	2.56155642641073	3.49136544282117	1.69245594811367	1.36808899823174	0.000570354828945825	0.00443996476166509
chr3	100066178	100066578	401	*	2.41320842551035	3.35967142955352	1.51466733999498	1.42347932166238	0.000575188846327505	0.00447040833694668
chr10	52108152	52108552	401	*	1.80644259866292	2.94492470505562	0.481819973883083	1.85853040715349	0.000579370964389447	0.0044956958486758
chr7	81721529	81721929	401	*	1.51682919975106	2.693532252869	0.0812643575435415	1.95565228245503	0.00058137130146842	0.00450760583140126
chrX	24268764	24269164	401	*	2.84063526031688	3.6794668110152	2.11730944062063	1.2592916884024	0.000613198187221022	0.0046860100118774
chr12	4962578	4962978	401	*	2.44303832073251	3.38969401963039	1.54415103861079	1.39727513769275	0.000613575040795182	0.0046860100118774
chr11	92717253	92717653	401	*	3.34708360555748	4.06238831703167	2.78874772757061	1.09401625130268	0.000628790404355203	0.00476836826607344
chr3	50373618	50374018	401	*	3.89601477459443	4.58362628720052	3.37046138947804	0.948875707826346	0.000639571806145825	0.00483121167762572
chr2	70124952	70125352	401	*	4.82393826413189	5.31839611248634	4.49406138352854	0.76481360523521	0.000646581480745135	0.00487275880119524
chr6	137824151	137824551	401	*	4.06016504724435	4.67993168783725	3.6094629793196	0.901482472513485	0.000653523970717815	0.0049097952928094
chr21	24780914	24781314	401	*	2.33776370832765	3.27858947299277	1.44929363499703	1.38181018588166	0.000658660904203103	0.00493586409823217
chr1	37073831	37074231	401	*	2.22720908544302	3.20963835007874	1.26172131330135	1.45342835775495	0.000659124118088316	0.00493586409823217
chr15	33242163	33242563	401	*	2.73960306752485	3.60183346797972	1.98102041860828	1.25525721311751	0.000664473947417515	0.00495744661540155
chr6	41677434	41677834	401	*	4.06289766502082	4.66690693273782	3.62855857123646	0.951198758148539	0.000692992364956733	0.00512285348262672
chr11	92628628	92629028	401	*	3.39533495520314	4.16688392930336	2.7659437977978	1.06288433113635	0.000696210257727404	0.00513097422818278
chr5	141814553	141814953	401	*	4.74326671302512	5.27362100252212	4.38084558578445	0.779047441220643	0.00074022996961817	0.00541135467750915
chr18	60452403	60452803	401	*	2.3770897866804	3.31081225287875	1.50115534162264	1.35032345045083	0.000742646715171269	0.0054236732954137
chr3	58483275	58483675	401	*	2.42875090935206	3.42083765176901	1.44444838905917	1.41086557207902	0.000743980216423513	0.0054293175703431
chr2	31008523	31008923	401	*	4.00311714721938	4.64237014763285	3.53166596739297	0.931838929784279	0.000745634451246662	0.00543320092240231
chr11	17263790	17264190	401	*	2.13145894767972	3.12096836098004	1.15221401019496	1.49607078784313	0.000770286550701228	0.00558342436900501
chr2	6854510	6854910	401	*	2.15619615930221	3.22863833709159	0.999391692476847	1.5765507953064	0.000777316039411729	0.00561336951951021
chr11	40825452	40825852	401	*	1.65118883822177	2.78933956993713	0.327479422885432	1.85335047502572	0.000779930804616033	0.00562805507593269
chrX	460930	461330	401	*	2.73935229090462	3.59061496753306	1.99747413854497	1.26701549977332	0.000791856798996417	0.00568868044620275
chr7	154204790	154205190	401	*	1.8840256933077	2.94282572573083	0.758707644593327	1.56115190589355	0.000818337309802336	0.00580569854075152
chr4	63906798	63907198	401	*	2.44309463861159	3.38815219345755	1.54707468565841	1.35176832840405	0.00084865229461471	0.0059682997974211
chr15	37221120	37221520	401	*	2.95883613734599	3.72822456479948	2.33229274919397	1.14250953434555	0.000860564823162516	0.00603392912091642
chr18	38087470	38087870	401	*	1.98168567713567	3.0246534894488	0.891709193489078	1.58719350569085	0.000866322941098166	0.00605300964040017
chr4	98433704	98434104	401	*	3.17644798685106	3.9546723655237	2.53819525580533	1.09710011493103	0.000869661143114758	0.0060651591497689
chr1	34590180	34590580	401	*	3.35426426023591	4.10142685197203	2.75645331711424	1.06322949881787	0.000877292978075836	0.00609448005716384
chr22	27022933	27023333	401	*	3.74194197517506	4.3962090838793	3.25410184730517	0.936204321158985	0.000888599188417604	0.00613674987812525
chr1	104991692	104992092	401	*	3.41704608643131	4.11076334571098	2.88438225388705	1.00400339491451	0.0009041250858776	0.00620960803662318
chr8	88809143	88809543	401	*	1.85013912608911	2.92160397458521	0.695623362080052	1.6272382361675	0.000908110605836074	0.0062281466762865
chr15	74300092	74300492	401	*	3.67433690674069	4.3658579228796	3.14423821519606	1.0181056623397	0.000931051801067675	0.00634504267525641
chr3	128076597	128076997	401	*	4.48847141098734	5.44274571237101	3.57579202250627	1.37210140989249	0.000950789559283394	0.00643427399867253
chr3	89032610	89033010	401	*	2.36014997134284	3.27692414493084	1.51345037036498	1.32196095130137	0.000955003856611767	0.00644492636977941
chr16	46789722	46790335	614	*	4.48979657794771	5.07808060832115	4.07142988417904	0.830299985485006	0.00097446318699111	0.00651705904891016
chr13	34719152	34719552	401	*	3.86228596553633	4.50788144260503	3.38395501060447	0.936257376182184	0.000982492474503571	0.00656622299730337
chr7	120404019	120404419	401	*	2.08859373524682	3.08076676408981	1.10412142832752	1.43266005492623	0.000992491472632882	0.00661934395384079
chr11	88692361	88692761	401	*	3.20212409961245	4.03493758847984	2.4876381558389	1.1237788211066	0.000997552695885221	0.00663938165426287
chr17	79993540	79993940	401	*	3.96515727280384	4.63649331778962	3.45824391226377	0.955128507391408	0.00101723138997955	0.00672414251232901
chr8	59630860	59631260	401	*	3.9270116089766	4.57717982486049	3.44368119871043	0.920938975576253	0.00102892309952004	0.00677947904739716
chr13	109331963	109332363	401	*	3.68051801550147	4.35870915655382	3.16580856095835	0.94413938134573	0.00106444897386326	0.00696494855600797
chr15	23860294	23860694	401	*	2.10309710143256	3.08281603045333	1.1428234563557	1.4546749809275	0.00106709223789496	0.00697271239773379
chr1	59446292	59446692	401	*	2.70950525526909	3.54740010196213	1.98756134510629	1.27665202592291	0.0010984122658121	0.00712937291027105
chr9	33794572	33794972	401	*	3.12586182640021	3.91190579980645	2.47710608612273	1.12426849209432	0.00111378272474946	0.00720499125348946
chr4	22630250	22630650	401	*	1.83204987143382	2.78665381363243	0.918769087448276	1.52581348985135	0.0011519965504957	0.00738314665453365
chr14	27334917	27335317	401	*	1.83139748008095	2.87892886240618	0.731361988451252	1.55964328687477	0.00115898288795287	0.00741318592245439
chr1	8629459	8629859	401	*	1.89951652639384	2.98511260941391	0.711394973245337	1.54075391611394	0.00122099253691683	0.00768297058317256
chr9	100411585	100411985	401	*	2.3837345380046	3.31135204498505	1.51843890007656	1.37411110872749	0.0012321531532173	0.0077381135770145
chr13	80048788	80049188	401	*	3.82321327390406	4.51558501831101	3.2921219635682	0.951316499226765	0.00125585340011518	0.00785638522397636
chr13	42720399	42720799	401	*	2.56376325832065	3.41882790963049	1.81613069839587	1.21666359151653	0.0012658522100241	0.00790361882777133
chr1	187001668	187002068	401	*	1.87823341014102	2.96450826060905	0.68846938647529	1.53188055621845	0.00130578693299579	0.00805942680632965
chr7	38880357	38880757	401	*	2.00734990537781	2.96305293416582	1.09206114371981	1.50473085897056	0.00134041639663583	0.00818448447983695
chr13	89273143	89273543	401	*	1.7000132924926	2.78864548129152	0.504524418342087	1.59267002715597	0.0013589651028743	0.00826646862828812
chr11	10681795	10682195	401	*	1.3534770391921	2.69482941464126	0	2.0957423241514	0.00136287237344416	0.00827720521547179
chr11	35425645	35426045	401	*	2.85350669791831	3.66709576576519	2.16666148218419	1.13693450552803	0.00139256172525481	0.00841795739536051
chr20	40738825	40739225	401	*	2.20720373020673	3.14014891956629	1.33263068227656	1.36876042403286	0.00148093072163121	0.00878758156144399
chr6	155541686	155542086	401	*	2.72048941242943	3.57795670127908	1.96920065138486	1.21093931084268	0.00151695944899448	0.00896839762152783
chr8	63286721	63287121	401	*	2.29730422398197	3.21164207571343	1.45473106056742	1.29899409981857	0.00155680030562872	0.00917034924556479
chr3	128577743	128578143	401	*	3.3156921173391	4.06471234617772	2.71551828428226	0.996401347562402	0.00156534004484607	0.00921504741294187
chr8	93991430	93991830	401	*	5.3795856293693	5.88744664127063	5.03773730925912	0.726800558056369	0.00156990427655424	0.0092306939976632
chr4	129323702	129324102	401	*	3.27954459867356	4.03577631345516	2.67013190570342	1.02537279655363	0.00157543347125035	0.00924636226399296
chr14	59161517	59161917	401	*	3.05932303120937	3.77770443454772	2.49725909911973	1.05645578393621	0.00158647540501756	0.00928865043663242
chr4	25088223	25088623	401	*	5.1796860084969	5.67409029362935	4.84985654892303	0.712113552604652	0.00163027206237625	0.00948310565518364
chr7	148042970	148043370	401	*	2.79061177515738	3.64107614540272	2.0499370546006	1.12151137687814	0.00163807432298745	0.00950456066136037
chr9	82668845	82669245	401	*	3.08327095252603	3.84588686445557	2.46559062436969	1.04137937557909	0.00166420180786845	0.00959864818784874
chr6	80638674	80639074	401	*	3.52341933794689	4.18300012826275	3.02969267394205	0.930141459579202	0.00173303658362876	0.009930607263823
chr11	96177177	96177577	401	*	3.32703689175713	3.99425722308193	2.82476638742863	1.02638082120936	0.00175000903509981	0.0100100930277062
chr18	111260	111660	401	*	4.65252695267942	5.16153258060584	4.30964647628334	0.742246319294446	0.00179686331105468	0.0102161436328073
chr8	113145088	113145488	401	*	1.87917671640937	2.9408798790782	0.747240246379936	1.49766948227446	0.00180632497055469	0.0102354891836463
chr11	88105639	88106039	401	*	3.26582788809717	3.9527424423477	2.74108201577193	0.960362827876205	0.00182802496012902	0.0103161968029659
chr6	148226345	148226745	401	*	2.27911012220386	3.19326362764847	1.43684842625275	1.28414453699921	0.00184066731997613	0.0103694138025881
chr10	48599671	48600071	401	*	2.83354975725646	3.64246618676691	2.1532888984355	1.12498591077908	0.00189756044053675	0.0105730582889286
chr10	113299053	113299453	401	*	2.80460246620561	3.65509379483747	2.06388713362202	1.16084968918556	0.00199209267586191	0.0109797526881313
chr14	48747650	48748050	401	*	3.07149351802103	3.81151802938155	2.48269822758387	1.00769730981376	0.0020303327924785	0.0111397975990718
chr8	30479334	30479734	401	*	3.39165522021835	4.08207503137524	2.86283951930842	0.973729808241203	0.00210106493369964	0.0114629367988436
chr12	28190613	28191013	401	*	4.81506332526015	5.30690537136456	4.48749841736013	0.697787800974945	0.00212025528668936	0.0115286649052778
chr8	122127092	122127492	401	*	2.37129927464189	3.31183521095036	1.48334402993182	1.22117113197246	0.00215256141267491	0.0116454774973988
chr10	62083363	62083763	401	*	2.69499896034808	3.55005793628347	1.94737501873721	1.1092069774503	0.00217482411704154	0.0117485936987723
chr5	111668700	111669100	401	*	3.42147065296524	4.11169788851968	2.89287910012706	0.944645507686212	0.00220013137008751	0.0118498732969563
chr9	12814343	12814743	401	*	5.17046099779962	5.63861804937996	4.86347621429076	0.697598794723599	0.002233035180515	0.0119954318237634
chr13	79085061	79085461	401	*	2.20519077460194	3.11911065305804	1.36332365597253	1.25022211506933	0.00231107679289709	0.0123104882631548
chr6	107824416	107824816	401	*	4.24070508662198	4.78318532967297	3.86693459261579	0.803984933194843	0.00232481938839756	0.0123497262519155
chr2	4930732	4931132	401	*	2.32585060506767	3.1903847941127	1.56371813096956	1.23923141853612	0.00239154620939925	0.0126348791553859
chr7	104772587	104772987	401	*	2.67302562210463	3.47758614332734	1.99885680730653	1.0777923335471	0.00243424599073852	0.0127837517214272
chr6	37705496	37705896	401	*	4.66232563285104	5.20622710920498	4.2872127748343	0.75748962383138	0.00254712269051125	0.0132472267104785
chr13	47136477	47136877	401	*	2.10009278555724	3.02325761629283	1.24247933577592	1.29602269883768	0.00256910568975643	0.0133375138191477
chr12	4604767	4605167	401	*	5.03877287259777	5.74022977636062	4.49700143741753	0.947194215901166	0.0027996033991556	0.0142691364828541
chr4	171774674	171775074	401	*	3.84488393835334	4.41815492034289	3.4414439715509	0.846428815448578	0.00280395816876025	0.0142763043671263
chr9	127388330	127388730	401	*	3.2880145431789	3.98564264519493	2.75076193184903	0.934573516183415	0.00302188369401442	0.0150379864814161
chr5	125301731	125302131	401	*	1.96752393134398	2.90158562814388	1.09099469222776	1.25222419335356	0.0030372211600733	0.0151065483893939
chr4	8019395	8019795	401	*	2.43082272126411	3.32644654852512	1.61933231924831	1.16849104070967	0.00309297592225802	0.0152896267642403
chr13	102974572	102974972	401	*	2.35822035563721	3.24247429830514	1.56510127278916	1.18554495390703	0.00314111370192397	0.0154487278260191
chr16	10078549	10078949	401	*	3.0974754325422	3.82495116737233	2.52428814162227	0.960252404391662	0.00316622490783945	0.0155354503932507
chr3	122097218	122097618	401	*	2.94498584685171	3.65428749959753	2.39387360167237	0.960904149869232	0.00346797841555018	0.0165456446093871
chr13	74675138	74675538	401	*	2.53539907558995	3.39003725764081	1.78841389083609	1.1144474981958	0.00351058369749674	0.0166936469914538
chr13	40124592	40124992	401	*	2.89593431281527	3.62967545332591	2.3149922710621	1.00786119739099	0.00358371039905524	0.0169373604218892
chr16	77853214	77853614	401	*	3.13938873750874	3.80139218026138	2.64296301600124	0.948136962911926	0.00362627642239065	0.0170552991133711
chr20	14826857	14827257	401	*	2.51574838932483	3.74169325264525	0.918283000135503	1.66066099433747	0.0037104430519438	0.0172832584053299
chr1	148362561	148362961	401	*	3.97490626834024	4.5620249662688	3.5577093444594	0.791121886994405	0.00372650917147979	0.0173247790766252
chr3	147258042	147258442	401	*	1.78210048344095	2.73990497013784	0.862960387242417	1.29411555254653	0.00374436935061313	0.0173882909085545
chr9	109320917	109321317	401	*	4.86590136133087	5.31007280547907	4.5791286437557	0.661401771885822	0.00380076829603445	0.0175688019946528
chr10	55329734	55330134	401	*	0.661121687000521	1.96243760124097	0	1.73121315464523	0.00382637886947501	0.0176421810791486
chr5	83197452	83197852	401	*	2.66413728548327	3.44902606321979	2.01694158118828	1.01962314211121	0.0038857310444467	0.0178762087574451
chr7	158414027	158414427	401	*	3.03586747351369	3.75419617009813	2.4738675548631	0.925626100404766	0.00392830001189371	0.018029221476388
chrX	117538406	117538806	401	*	3.51701079681339	4.12915644539803	3.07426811503447	0.842913987489121	0.00403624102549721	0.0183708392921901
chr2	15059844	15060244	401	*	3.78946428305858	4.412553363205	3.33526520651821	0.833260822419055	0.00424684359689586	0.0190753401634228
chrX	10633810	10634210	401	*	3.99541084423608	4.542279396891	3.61748725540682	0.776642615427069	0.00442803999389906	0.0197336121955446
chr2	58914725	58915125	401	*	2.82181136393437	3.57765538702525	2.21289804149568	0.967919452936582	0.0045624038423659	0.0202022491126984
chr5	55110162	55110562	401	*	1.06932719965394	2.22672635246438	0	1.44017928580823	0.00462116002260456	0.0203785581324693
chr17	26881179	26881579	401	*	4.00923309336214	4.57032753241239	3.61767519859105	0.758952629069834	0.00462670355945713	0.0203842991659468
chr21	14538581	14538981	401	*	2.67598423325234	3.43239974797108	2.06633468743629	0.993547352575165	0.00475526787662886	0.0207664635047095
chr1	180611324	180611724	401	*	3.84068844998422	4.40357158140743	3.44739749893835	0.795214221906683	0.00484658521182323	0.0210467852875767
chr2	43905530	43905930	401	*	1.71522141957033	2.71717851731525	0.711299241284799	1.25527770979581	0.0048945497431661	0.0211881740852515
chr18	65955795	65956195	401	*	1.99170166994517	2.92310169730637	1.11982898516111	1.1253226191831	0.00489883537555537	0.0211881740852515
chr4	117965585	117965985	401	*	2.71016272500037	3.47903533909418	2.08429775926085	1.01730688654835	0.00505658590544666	0.0217056639664652
chr10	11373688	11374088	401	*	2.54060811440533	3.32656609786339	1.8919686005868	1.01864223292036	0.00508767639221785	0.0217619514939212
chr11	87369096	87369496	401	*	1.75803012236503	2.7644810492246	0.745041083539966	1.22919591115908	0.00512688081827709	0.021871680107575
chr10	101319352	101319752	401	*	3.81088689053579	4.38091375015244	3.4106319926857	0.794924213975905	0.00527331101314392	0.0223389080714286
chr3	64397411	64397811	401	*	3.03337467652562	3.75446278279553	2.46801642077697	0.93789675828453	0.00538359531645558	0.022718752740125
chr4	114036400	114036800	401	*	3.204347830754	3.89030172138953	2.68071362759383	0.911089605652745	0.0053869333298335	0.0227208459782699
chr6	148874733	148875133	401	*	4.18361986525883	4.71670119048427	3.81866241107129	0.760222091640703	0.00542700597438911	0.0228500547199931
chr11	78715069	78715469	401	*	2.5824298167888	3.37236546957387	1.92839686191878	1.00350084942172	0.00552427679256574	0.0231589162161067
chr10	49001988	49002388	401	*	3.66981540617511	4.2869730067813	3.22184791193659	0.803132925913036	0.00573179717207005	0.0237716161945723
chr21	18954366	18954766	401	*	1.9044508796112	2.85880127228857	0.991632704901107	1.16636729970475	0.00573501832179132	0.0237747934196178
chr10	12513918	12514318	401	*	4.98925580264383	5.44284131309977	4.69462379155436	0.63531706578337	0.00580682171759626	0.0239920748432626
chr2	207310308	207310708	401	*	6.0265332436318	6.39356781594519	5.80078336266657	0.545202553863461	0.0059278850430098	0.024382756646457
chr7	76233839	76234239	401	*	4.60438198400554	5.06838651828032	4.3009409583162	0.669036400610376	0.00604000296766443	0.0247199078485324
chr2	12625301	12625701	401	*	2.2427194170242	3.06313949428268	1.54615520935406	1.05302742317676	0.00606729255954848	0.0247610031208865
chr10	60611415	60611815	401	*	2.72643767144106	3.46443471150964	2.14018482547105	0.973828062958487	0.00628761290789433	0.0253283042429487
chr1	110643817	110644217	401	*	4.13890416287769	4.66773134757035	3.77789931200139	0.760947729972897	0.00630992821360428	0.0253719604209769
chr2	149597801	149598201	401	*	3.64429063253972	4.21849546452313	3.2399311792051	0.79873056620169	0.00634754826189597	0.0254532742725468
chr12	57868773	57869173	401	*	4.01203751992032	4.56412545425531	3.62914213644469	0.74577834769099	0.0063758572250087	0.0255456356503865
chr9	100679867	100680267	401	*	2.89140017890446	3.61530954972209	2.32259353296124	0.912132333833762	0.00638229233110921	0.0255608432317873
chr12	124395322	124395722	401	*	4.2656219299401	4.79468727267305	3.90439639526621	0.745628871630424	0.00647029902959546	0.0258065798198527
chr10	132517194	132517594	401	*	4.5725321648006	5.09785233430244	4.21476890355563	0.707785729691733	0.00650216786367357	0.0258851137898632
chr18	73475976	73476376	401	*	1.71966848098624	2.61501593745956	0.90862915031431	1.16313326163968	0.0065113810657549	0.0259064150537266
chr12	113103988	113104388	401	*	3.23920401122877	3.8564902835338	2.79110189150796	0.825901109822087	0.00706377993037878	0.02751634949549
chr2	110980689	110981089	401	*	2.79235948352433	3.47882021267781	2.26813897151424	0.921622705302795	0.00709532989936242	0.0275948492953517
chr12	99111510	99111910	401	*	3.53342415991097	4.0816501051471	3.15421094422861	0.799228259284706	0.00710936893583878	0.0276312580236002
chr2	194346159	194346559	401	*	1.70104610739088	2.69334684879877	0.716322443911948	1.17761291232038	0.00715496529802649	0.0277487721049614
chrX	153871469	153871869	401	*	4.06443918123996	4.60404782119331	3.69337310702764	0.731828772369148	0.00738049614571485	0.0283146103092853
chr10	55330377	55330777	401	*	1.64803582476325	2.64437933810688	0.65532111305284	1.14613533669842	0.0074358611338943	0.0284620075970879
chr3	34947845	34948245	401	*	2.46934257827343	3.26154977425254	1.8122137962952	0.990287100948471	0.00755269057131961	0.0287840438774731
chr2	123303732	123304132	401	*	1.72658848857353	2.66732867693748	0.838270456225847	1.20321585741013	0.00764836542014425	0.0290116610766459
chrX	71543294	71543694	401	*	1.39921655978871	2.44661530332632	0.299474872635132	1.23045725962196	0.00781676297473139	0.0294778531768538
chr8	55533628	55534028	401	*	2.25207932928236	3.0816170117083	1.54236714015303	1.02971896174238	0.00787051716154888	0.0296107568735196
chrX	133229390	133229790	401	*	3.17729504842538	3.7896402849936	2.7343450096585	0.85750444845996	0.00808045353870966	0.0302127845825731
chr6	38209865	38210265	401	*	2.50827653573674	3.24405327193147	1.92479873112432	0.966734452996731	0.00808649909699836	0.0302237195118997
chr11	86515679	86516079	401	*	2.57561380782708	3.32752213610328	1.97175257950433	0.951968352424476	0.00811096997298942	0.0303034850379744
chr2	221606415	221606815	401	*	2.54900657967584	3.31147285164736	1.93152100100424	0.958658612920641	0.00820415116853212	0.0305690649927145
chr21	42474243	42474643	401	*	3.49116218566384	4.07397061969145	3.07827554166764	0.812065060215555	0.00827205498035529	0.0307001257654888
chr18	76371510	76371910	401	*	2.75284514929892	3.4612875796971	2.2027614266793	0.931156693402707	0.00848937360138972	0.0312777446787863
chr15	74223573	74223973	401	*	3.90687713129452	4.51571437389836	3.46756313611919	0.787991526838996	0.008589149445521	0.0315185006557125
chr6	54801633	54802033	401	*	3.51392151482622	4.1109021718958	3.08676490213945	0.802973199310209	0.00870867400855973	0.0318484890856844
chr1	39183765	39184165	401	*	1.71842070387171	2.66864960335637	0.813090267058254	1.18275578334062	0.00872245920019316	0.0318748282621398
chr2	54310326	54310726	401	*	1.77899268884012	2.76597469995897	0.804681480524505	1.17181741696901	0.00889612996972484	0.0323507783052255
chr9	113622947	113623347	401	*	2.63841549549899	3.37329164397763	2.05606055356858	0.912965975453621	0.0089153348929594	0.0323943166960095
chr18	2418027	2418427	401	*	1.58644065141854	2.69408832216233	0.343566411103614	1.2720452273432	0.00893868727059497	0.03245678572495
chr20	63130293	63130693	401	*	3.77336855957204	4.30208022399442	3.41247072768352	0.730411863016335	0.00901537418987003	0.0326556536730424
chr11	43035080	43035480	401	*	2.39101318539989	3.24354685964946	1.64721557725761	0.992633780658705	0.00908159543398893	0.032779739402348
chr13	102045713	102046113	401	*	2.49368095719045	3.32841393190754	1.77638537632259	0.953579244341649	0.00912096065347636	0.0328721187079513
chr1	241828630	241829030	401	*	3.38806554868661	4.06464067644117	2.87520107921542	0.831744860614221	0.00925054863120427	0.0332155405801194
chr10	29370565	29370965	401	*	2.58161433613224	3.32555353538489	1.98788715741362	0.894939838406299	0.00935775717109518	0.0335020350500391
chr7	26618927	26619327	401	*	2.55017329221609	3.29469716193198	1.95570692002639	0.923502657029434	0.00937749993425968	0.033528808615976
chr13	61727859	61728259	401	*	2.34473618908641	3.14001287950436	1.68340570933735	0.939359588162117	0.00969508316646548	0.0343498599616165
chr2	179438647	179439047	401	*	2.21484508128953	3.0249482026366	1.53291688098841	0.962521807480864	0.00980657663582839	0.0346215414295888
chrY	13751308	13751708	401	*	2.8584033944653	3.5491907304172	2.32915973388811	0.86394905322812	0.00981929568187602	0.0346411873891757
chr8	104417037	104417437	401	*	2.638510629405	3.37392425069985	2.05548574994176	0.895259435187863	0.00988214064480119	0.0347664214127668
chr5	52598966	52599366	401	*	2.76909646173171	3.46432605820283	2.23466133637754	0.865742408089714	0.0100874314002858	0.0353297235733699
chr11	95254178	95254578	401	*	4.48396895305561	4.96550409254887	4.16543749458453	0.66000439008642	0.010221273243318	0.035759685725539
chr7	24200013	24200413	401	*	2.74414587707093	3.45039451119647	2.19668212168287	0.869999652018581	0.0103214898425946	0.03600623473908
chr19	6092421	6092821	401	*	4.07718420472814	4.56969804993303	3.74902628156895	0.668521266922345	0.0104552201894755	0.036341835001752
chr13	96701025	96701425	401	*	2.53437615198404	3.29390655878552	1.92070208606951	0.930290229655856	0.0104708000363697	0.0363595409519421
chr16	15395724	15396124	401	*	3.23171352332444	3.84692633170357	2.78577782123785	0.796870468409292	0.0106170087987447	0.036798537296723
chr2	122960993	122961393	401	*	3.52579875283024	4.15867497810254	3.06120142810749	0.779629837031874	0.0107392559735896	0.0370630630250328
chrY	26670912	26671312	401	*	4.22333755439096	4.73425683167258	3.8787279627708	0.674105219731694	0.0107556171825988	0.0370930900271676
chr18	51330085	51330485	401	*	1.38376183163613	2.44891624318187	0.24390017506389	1.21091668385125	0.0107890594171253	0.037172216607324
chr6	129267020	129267420	401	*	2.84391607543862	3.52181785002145	2.32953731293664	0.856036542453752	0.0109000441127363	0.0374444935039868
chr17	51732027	51732427	401	*	2.57376448839845	3.27821866537165	2.02843729964783	0.898763840223289	0.0109200506161763	0.0374866253693908
chr17	27915651	27916051	401	*	2.63135643307429	3.3583310650422	2.05878611661099	0.902413249861596	0.0109807928819092	0.0375888948962829
chr8	11018031	11018431	401	*	3.99248367279171	4.46337677524805	3.68315358090834	0.689009151278808	0.0113217793682254	0.0384432368169338
chr9	36818968	36819368	401	*	3.33247659692915	3.91139043020187	2.92346251119714	0.761665954007084	0.0113329768318267	0.0384677699402067
chr6	12060820	12061220	401	*	4.95765939778048	5.36970915123096	4.69701074161511	0.584379553025632	0.011397897082586	0.0386064643640786
chr2	187994909	187995309	401	*	3.42830194081101	4.00229690605064	3.0241492291965	0.768751275835519	0.0114868253111855	0.0388131250221633
chr20	58457203	58457603	401	*	2.59124754579078	3.30960317706427	2.0292149150522	0.913094316776905	0.011555870212173	0.0390191935616052
chr9	78972310	78972710	401	*	2.30638687568971	3.04485828203113	1.7195398968646	0.912442258139006	0.0116119230866779	0.0391402238675214
chr2	184425091	184425491	401	*	1.36098302645486	2.38718196010982	0.307113159373422	1.18071321914815	0.01162324149064	0.0391647427262901
chr4	164204452	164204852	401	*	2.21649090768589	3.02480085356819	1.5370809062328	0.946201957853131	0.0118407874398911	0.0396906145960211
chr9	37324242	37324642	401	*	3.38945645006573	3.9955310564681	2.95299330082519	0.765339872174687	0.0118886184140945	0.0397963137944282
chr5	160197694	160198094	401	*	4.06102004273632	4.58404972816882	3.70536574810605	0.70266907434422	0.0121032777076448	0.0403887461477711
chr4	100827108	100827508	401	*	3.39570537411684	3.97404862027323	2.98725689813596	0.740452554109757	0.0121276915629226	0.0404423433523907
chr8	141706618	141707018	401	*	4.54010560723269	4.99496949996904	4.24439906052099	0.642153311964896	0.0123864642381531	0.0410574671097706
chr2	125254018	125254418	401	*	2.87956124937205	3.54985314462877	2.37382844415513	0.833463761336296	0.0125823352886148	0.0415881087459359
chr7	55552685	55553085	401	*	2.47452995713456	3.1539127605141	1.95845715486293	0.893191997643267	0.0127442359733076	0.0419494157598609
chr4	129282264	129282664	401	*	2.78674208495934	3.48026816996627	2.25430187440752	0.835878668105771	0.0127791643613058	0.0420199053145597
chr10	2714575	2714975	401	*	1.84481774155711	2.66827231920376	1.14390015088732	1.02734627277201	0.0127954110570839	0.0420464067447574
chr2	223001438	223001838	401	*	5.003120442886	5.40487058512652	4.75062850802804	0.571560855212327	0.0129771295187981	0.0424993311667368
chr3	14598117	14598517	401	*	4.8112510588097	5.20473624903651	4.56522964345814	0.565502771291836	0.0132469358123184	0.0431646359401063
chr1	50251719	50252119	401	*	3.67813006983427	4.22806668653417	3.29728820986094	0.724144404070137	0.0132471394066497	0.0431646359401063
chr21	42097896	42098296	401	*	3.43467891224065	4.05553853264369	2.98282826042086	0.781382595257692	0.0135907867418552	0.0439736648206235
chr14	95256274	95256674	401	*	2.97389178652036	3.57660358755139	2.54088389659407	0.797365719515476	0.0138087971035396	0.0444414726323289
chr1	37391651	37392432	782	*	3.85891105160401	4.36664104749212	3.51718077575912	0.671509700604387	0.0138901568298068	0.0446527116468123
chr8	132516463	132516863	401	*	2.83006959299964	3.46242686726062	2.36602728641497	0.825560982631417	0.0139608143009319	0.0447967281942427
chr5	97550119	97550519	401	*	2.89212139600519	3.53585189608821	2.4158199588735	0.805027634306784	0.0139758253135988	0.0448300405223223
chr2	16105974	16106374	401	*	2.22906684582593	3.02788238457155	1.56286579314754	0.944227259403126	0.0142697763863154	0.0454866736422247
chr3	96449418	96449818	401	*	2.60229285543068	3.22621382036072	2.14721559265716	0.841899592437256	0.0143129145416491	0.0455311177910946
chr4	92812739	92813139	401	*	1.18825962647947	2.15364325132564	0.255096019277649	1.13090464202988	0.0143638724322188	0.0455311177910946
chr5	20523070	20523470	401	*	2.32783320130607	3.08210811430948	1.72093785670365	0.891873636306225	0.0146968699482983	0.0462992040371238
chr7	128360706	128361106	401	*	5.52820311991145	5.86275941710402	5.32646973843691	0.472683781960689	0.0147227788727171	0.0463057455678442
chr14	57089966	57090366	401	*	3.04536350587209	3.62977234123677	2.6308794595502	0.764683168194507	0.0148565975516213	0.0466055363426954
chr16	997510	997910	401	*	4.38778941268612	5.03552037107668	3.9071278265339	0.807653434430792	0.0150126282797707	0.0469581047355617
chrX	39730129	39730529	401	*	3.1039984985574	3.71785928499947	2.6594720063072	0.759891832150058	0.0151008969873318	0.0471580414141636
chr11	44808373	44808773	401	*	3.80867064910474	4.32749031072852	3.4568760247521	0.678851249853265	0.0152204508033155	0.0474854528283851
chr7	11429084	11429484	401	*	2.01004403937936	2.83528895927155	1.30654748383324	0.908137089136307	0.0152263334301112	0.047488506582028
chr12	99154591	99154991	401	*	3.96207259925238	4.47231913447237	3.6180713745819	0.685107822307497	0.0152884936376664	0.0476269619646131
chr5	88268827	88269227	401	*	5.52967127111216	6.10437457724542	5.12482052676117	0.747304019700587	0.0154118133063635	0.0478512343888502
chr8	3994507	3994907	401	*	3.47968744549016	4.02457980174403	3.1036371719469	0.739817666261937	0.015892046025085	0.0489028979408098
chr18	53021249	53021649	401	*	2.28544032345183	3.00289547451298	1.72450059016805	0.886889283140815	0.0159157146555273	0.0489449922909262
chr5	9835358	9835758	401	*	2.54910495109243	3.22634197045786	2.03548534216812	0.8230598178729	0.0162887130154284	0.0498073561229581
